07952: [12049, 27952, 32049, 47952, 52049]  
04428: [15573, 24428, 35573, 44428, 55573]  
01208: [18793, 21208, 38793, 41208, 58793]  
08245: [11756, 28245, 31756, 48245, 51756]  
04437: [15564, 24437, 35564, 44437, 55564]  
04724: [15277, 24724, 35277, 44724, 55277]  
04947: [15054, 24947, 35054, 44947, 55054]  
05102: [14899, 25102, 34899, 45102, 54899]  
05577: [14424, 25577, 34424, 45577, 54424]  
05666: [14335, 25666, 34335, 45666, 54335]  
06033: [13968, 26033, 33968, 46033, 53968]  
06197: [13804, 26197, 33804, 46197, 53804]  
06340: [13661, 26340, 33661, 46340, 53661]  
06349: [13652, 26349, 33652, 46349, 53652]  
06748: [13253, 26748, 33253, 46748, 53253]  
06942: [13059, 26942, 33059, 46942, 53059]  
06950: [13051, 26950, 33051, 46950, 53051]  
07026: [12975, 27026, 32975, 47026, 52975]  
07082: [12919, 27082, 32919, 47082, 52919]  
07350: [12651, 27350, 32651, 47350, 52651]  
07629: [12372, 27629, 32372, 47629, 52372]  
07743: [12258, 27743, 32258, 47743, 52258]  
01041: [18960, 21041, 38960, 41041, 58960]  
01265: [18736, 21265, 38736, 41265, 58736]  
01435: [18566, 21435, 38566, 41435, 58566]  
01610: [18391, 21610, 38391, 41610, 58391]  
01708: [18293, 21708, 38293, 41708, 58293]  
01762: [18239, 21762, 38239, 41762, 58239]  
01769: [18232, 21769, 38232, 41769, 58232]  
01799: [18202, 21799, 38202, 41799, 58202]  
01970: [18031, 21970, 38031, 41970, 58031]  
02044: [17957, 22044, 37957, 42044, 57957]  
02193: [17808, 22193, 37808, 42193, 57808]  
02306: [17695, 22306, 37695, 42306, 57695]  
02592: [17409, 22592, 37409, 42592, 57409]  
02704: [17297, 22704, 37297, 42704, 57297]  
02736: [17265, 22736, 37265, 42736, 57265]  
02804: [17197, 22804, 37197, 42804, 57197]  
03215: [16786, 23215, 36786, 43215, 56786]  
03275: [16726, 23275, 36726, 43275, 56726]  
03400: [16601, 23400, 36601, 43400, 56601]  
03557: [16444, 23557, 36444, 43557, 56444]  
03889: [16112, 23889, 36112, 43889, 56112]  
03945: [16056, 23945, 36056, 43945, 56056]  
04372: [15629, 24372, 35629, 44372, 55629]  
07760: [12241, 27760, 32241, 47760, 52241]  
07868: [12133, 27868, 32133, 47868, 52133]  
07942: [12059, 27942, 32059, 47942, 52059]  
08000: [12001, 28000, 32001, 48000, 52001]  
08224: [11777, 28224, 31777, 48224, 51777]  
08394: [11607, 28394, 31607, 48394, 51607]  
08497: [11504, 28497, 31504, 48497, 51504]  
00896: [19105, 20896, 39105, 40896, 59105]  
08654: [11347, 28654, 31347, 48654, 51347]  
00731: [19270, 20731, 39270, 40731, 59270]  
08775: [11226, 28775, 31226, 48775, 51226]  
00704: [19297, 20704, 39297, 40704, 59297]  
08819: [11182, 28819, 31182, 48819, 51182]  
00702: [19299, 20702, 39299, 40702, 59299]  
08849: [11152, 28849, 31152, 48849, 51152]  
00688: [19313, 20688, 39313, 40688, 59313]  
08922: [11079, 28922, 31079, 48922, 51079]  
00650: [19351, 20650, 39351, 40650, 59351]  
09182: [10819, 29182, 30819, 49182, 50819]  
00598: [19403, 20598, 39403, 40598, 59403]  
09348: [10653, 29348, 30653, 49348, 50653]  
00569: [19432, 20569, 39432, 40569, 59432]  
09432: [10569, 29432, 30569, 49432, 50569]  
00562: [19439, 20562, 39439, 40562, 59439]  
09945: [10056, 29945, 30056, 49945, 50056]  
00549: [19452, 20549, 39452, 40549, 59452]  
00520: [19481, 20520, 39481, 40520, 59481]  
00244: [19757, 20244, 39757, 40244, 59757]  
