01667: [28334, 31667, 58334]  
03318: [26683, 33318, 56683]  
03548: [26453, 33548, 56453]  
03597: [26404, 33597, 56404]  
03645: [26356, 33645, 56356]  
03833: [26168, 33833, 56168]  
04022: [25979, 34022, 55979]  
04047: [25954, 34047, 55954]  
04071: [25930, 34071, 55930]  
04140: [25861, 34140, 55861]  
04202: [25799, 34202, 55799]  
04335: [25666, 34335, 55666]  
04395: [25606, 34395, 55606]  
04402: [25599, 34402, 55599]  
04407: [25594, 34407, 55594]  
02167: [27834, 32167, 57834]  
02191: [27810, 32191, 57810]  
02282: [27719, 32282, 57719]  
02295: [27706, 32295, 57706]  
02572: [27429, 32572, 57429]  
03068: [26933, 33068, 56933]  
03240: [26761, 33240, 56761]  
02093: [27908, 32093, 57908]  
03304: [26697, 33304, 56697]  
04466: [25535, 34466, 55535]  
04492: [25509, 34492, 55509]  
04503: [25498, 34503, 55498]  
04513: [25488, 34513, 55488]  
04548: [25453, 34548, 55453]  
04586: [25415, 34586, 55415]  
04634: [25367, 34634, 55367]  
04638: [25363, 34638, 55363]  
04692: [25309, 34692, 55309]  
04730: [25271, 34730, 55271]  
04854: [25147, 34854, 55147]  
04891: [25110, 34891, 55110]  
04948: [25053, 34948, 55053]  
04966: [25035, 34966, 55035]  
04974: [25027, 34974, 55027]  
05030: [24971, 35030, 54971]  
05111: [24890, 35111, 54890]  
05150: [24851, 35150, 54851]  
05175: [24826, 35175, 54826]  
05188: [24813, 35188, 54813]  
05282: [24719, 35282, 54719]  
05295: [24706, 35295, 54706]  
05322: [24679, 35322, 54679]  
05403: [24598, 35403, 54598]  
05522: [24479, 35522, 54479]  
05539: [24462, 35539, 54462]  
05540: [24461, 35540, 54461]  
05574: [24427, 35574, 54427]  
05581: [24420, 35581, 54420]  
05601: [24400, 35601, 54400]  
05605: [24396, 35605, 54396]  
05673: [24328, 35673, 54328]  
05712: [24289, 35712, 54289]  
05844: [24157, 35844, 54157]  
05886: [24115, 35886, 54115]  
05898: [24103, 35898, 54103]  
05948: [24053, 35948, 54053]  
05973: [24028, 35973, 54028]  
06004: [23997, 36004, 53997]  
06087: [23914, 36087, 53914]  
06136: [23865, 36136, 53865]  
06257: [23744, 36257, 53744]  
06292: [23709, 36292, 53709]  
06393: [23608, 36393, 53608]  
06468: [23533, 36468, 53533]  
06476: [23525, 36476, 53525]  
06498: [23503, 36498, 53503]  
06616: [23385, 36616, 53385]  
06632: [23369, 36632, 53369]  
06647: [23354, 36647, 53354]  
06723: [23278, 36723, 53278]  
06784: [23217, 36784, 53217]  
06801: [23200, 36801, 53200]  
06815: [23186, 36815, 53186]  
06858: [23143, 36858, 53143]  
06862: [23139, 36862, 53139]  
06915: [23086, 36915, 53086]  
06954: [23047, 36954, 53047]  
07040: [22961, 37040, 52961]  
07050: [22951, 37050, 52951]  
07124: [22877, 37124, 52877]  
07127: [22874, 37127, 52874]  
07188: [22813, 37188, 52813]  
07199: [22802, 37199, 52802]  
07205: [22796, 37205, 52796]  
07278: [22723, 37278, 52723]  
07300: [22701, 37300, 52701]  
07364: [22637, 37364, 52637]  
07380: [22621, 37380, 52621]  
07407: [22594, 37407, 52594]  
07527: [22474, 37527, 52474]  
07574: [22427, 37574, 52427]  
07611: [22390, 37611, 52390]  
07629: [22372, 37629, 52372]  
07630: [22371, 37630, 52371]  
07651: [22350, 37651, 52350]
07776: [22225, 37776, 52225]  
07804: [22197, 37804, 52197]  
07938: [22063, 37938, 52063]  
07960: [22041, 37960, 52041]  
08060: [21941, 38060, 51941]  
08072: [21929, 38072, 51929]  
08133: [21868, 38133, 51868]  
08138: [21863, 38138, 51863]  
08177: [21824, 38177, 51824]  
08232: [21769, 38232, 51769]  
08301: [21700, 38301, 51700]  
08308: [21693, 38308, 51693]  
08313: [21688, 38313, 51688]  
08351: [21650, 38351, 51650]  
08384: [21617, 38384, 51617]  
08409: [21592, 38409, 51592]  
08434: [21567, 38434, 51567]  
08466: [21535, 38466, 51535]  
08580: [21421, 38580, 51421]  
08584: [21417, 38584, 51417]  
08590: [21411, 38590, 51411]  
08667: [21334, 38667, 51334]  
08670: [21331, 38670, 51331]  
08782: [21219, 38782, 51219]  
08864: [21137, 38864, 51137]  
08870: [21131, 38870, 51131]  
09052: [20949, 39052, 50949]  
09053: [20948, 39053, 50948]  
09092: [20909, 39092, 50909]  
09126: [20875, 39126, 50875]  
06476: [23525, 36476, 53525]  
06498: [23503, 36498, 53503]  
09145: [20856, 39145, 50856]  
09158: [20843, 39158, 50843]  
09161: [20840, 39161, 50840]  
09199: [20802, 39199, 50802]  
09200: [20801, 39200, 50801]  
09249: [20752, 39249, 50752]  
09300: [20701, 39300, 50701]  
09376: [20625, 39376, 50625]  
09545: [20456, 39545, 50456]  
09646: [20355, 39646, 50355]  
09661: [20340, 39661, 50340]  
09686: [20315, 39686, 50315]  
09700: [20301, 39700, 50301]  
09822: [20179, 39822, 50179]  
09826: [20175, 39826, 50175]  
09856: [20145, 39856, 50145]  
09921: [20080, 39921, 50080]  
09951: [20050, 39951, 50050]  
09988: [20013, 39988, 50013]  
09991: [20010, 39991, 50010]  
10008: [19993, 40008, 49993]  
10011: [19990, 40011, 49990]  
10042: [19959, 40042, 49959]  
10054: [19947, 40054, 49947]  
10067: [19934, 40067, 49934]  
10198: [19803, 40198, 49803]  
10251: [19750, 40251, 49750]  
10272: [19729, 40272, 49729]  
10330: [19671, 40330, 49671]  
10340: [19661, 40340, 49661]  
10353: [19648, 40353, 49648]  
10394: [19607, 40394, 49607]  
10484: [19517, 40484, 49517]  
10518: [19483, 40518, 49483]  
10699: [19302, 40699, 49302]  
10857: [19144, 40857, 49144]  
10901: [19100, 40901, 49100]  
10914: [19087, 40914, 49087]  
10962: [19039, 40962, 49039]  
10964: [19037, 40964, 49037]  
10968: [19033, 40968, 49033]  
10995: [19006, 40995, 49006]  
11005: [18996, 41005, 48996]  
11059: [18942, 41059, 48942]  
11099: [18902, 41099, 48902]  
11114: [18887, 41114, 48887]  
11198: [18803, 41198, 48803]  
11267: [18734, 41267, 48734]  
11303: [18698, 41303, 48698]  
11342: [18659, 41342, 48659]  
11358: [18643, 41358, 48643]  
11370: [18631, 41370, 48631]  
11418: [18583, 41418, 48583]  
11494: [18507, 41494, 48507]  
11529: [18472, 41529, 48472]  
11536: [18465, 41536, 48465]  
11660: [18341, 41660, 48341]  
11821: [18180, 41821, 48180]  
11870: [18131, 41870, 48131]  
11880: [18121, 41880, 48121]  
11885: [18116, 41885, 48116]  
11904: [18097, 41904, 48097]  
11940: [18061, 41940, 48061]  
11963: [18038, 41963, 48038]  
12051: [17950, 42051, 47950]  
12249: [17752, 42249, 47752]  
12411: [17590, 42411, 47590]  
12445: [17556, 42445, 47556]  
12528: [17473, 42528, 47473]  
12619: [17382, 42619, 47382]  
12638: [17363, 42638, 47363]  
12650: [17351, 42650, 47351]  
12743: [17258, 42743, 47258]  
12758: [17243, 42758, 47243]  
12785: [17216, 42785, 47216]  
12862: [17139, 42862, 47139]  
14801: [15200, 44801, 45200]  
13566: [16435, 43566, 46435]  
13581: [16420, 43581, 46420]  
13559: [16442, 43559, 46442]  
13661: [16340, 43661, 46340]  
13476: [16525, 43476, 46525]  
13881: [16120, 43881, 46120]  
13373: [16628, 43373, 46628]  
13953: [16048, 43953, 46048]  
13320: [16681, 43320, 46681]  
14173: [15828, 44173, 45828]  
13303: [16698, 43303, 46698]  
14416: [15585, 44416, 45585]  
13268: [16733, 43268, 46733]  
14422: [15579, 44422, 45579]  
14701: [15300, 44701, 45300]  
14662: [15339, 44662, 45339]  
14535: [15466, 44535, 45466]  
13220: [16781, 43220, 46781]  
13094: [16907, 43094, 46907]  
13081: [16920, 43081, 46920]  
12448: [17553, 42448, 47553]  
12445: [17556, 42445, 47556]  


