03121: [20880, 27121, 44880, 51121]  
11448: [12553, 35448, 36553, 59448]  
09506: [14495, 33506, 38495, 57506]  
03936: [20065, 27936, 44065, 51936]  
07439: [16562, 31439, 40562, 55439]  
07484: [16517, 31484, 40517, 55484]  
07282: [16719, 31282, 40719, 55282]  
05876: [18125, 29876, 42125, 53876]  
07446: [16555, 31446, 40555, 55446]  
04124: [19877, 28124, 43877, 52124]  
09319: [14682, 33319, 38682, 57319]  
07921: [16080, 31921, 40080, 55921]  
10726: [13275, 34726, 37275, 58726]  
05754: [18247, 29754, 42247, 53754]  
09800: [14201, 33800, 38201, 57800]  
10396: [13605, 34396, 37605, 58396]  
09111: [14890, 33111, 38890, 57111]  
05970: [18031, 29970, 42031, 53970]  
04355: [19646, 28355, 43646, 52355]  
04080: [19921, 28080, 43921, 52080]  
02204: [21797, 26204, 45797, 50204]  
06034: [17967, 30034, 41967, 54034]  
00340: [23661, 24340, 47661, 48340]  
01381: [22620, 25381, 46620, 49381]  
06593: [17408, 30593, 41408, 54593]  
10562: [13439, 34562, 37439, 58562]  
06404: [17597, 30404, 41597, 54404]  
07643: [16358, 31643, 40358, 55643]  
05894: [18107, 29894, 42107, 53894]  
10727: [13274, 34727, 37274, 58727]  
05998: [18003, 29998, 42003, 53998]  
07599: [16402, 31599, 40402, 55599]  
10625: [13376, 34625, 37376, 58625]  
03360: [20641, 27360, 44641, 51360]  
00653: [23348, 24653, 47348, 48653]  
06854: [17147, 30854, 41147, 54854]  
04937: [19064, 28937, 43064, 52937]  
07211: [16790, 31211, 40790, 55211]  
06020: [17981, 30020, 41981, 54020]  
08184: [15817, 32184, 39817, 56184]  
09609: [14392, 33609, 38392, 57609]  
08241: [15760, 32241, 39760, 56241]  
07965: [16036, 31965, 40036, 55965]  
07654: [16347, 31654, 40347, 55654]  
01612: [22389, 25612, 46389, 49612]  
00874: [23127, 24874, 47127, 48874]  
10453: [13548, 34453, 37548, 58453]  
03033: [20968, 27033, 44968, 51033]  
04150: [19851, 28150, 43851, 52150]  
04480: [19521, 28480, 43521, 52480]  
08768: [15233, 32768, 39233, 56768]  
02291: [21710, 26291, 45710, 50291]  
07831: [16170, 31831, 40170, 55831]  
11397: [12604, 35397, 36604, 59397]  
04014: [19987, 28014, 43987, 52014]  
10241: [13760, 34241, 37760, 58241]  
02330: [21671, 26330, 45671, 50330]  
11477: [12524, 35477, 36524, 59477]  
02849: [21152, 26849, 45152, 50849]  
09796: [14205, 33796, 38205, 57796]  
06137: [17864, 30137, 41864, 54137]  
05524: [18477, 29524, 42477, 53524]  
08072: [15929, 32072, 39929, 56072]  
09008: [14993, 33008, 38993, 57008]  
06087: [17914, 30087, 41914, 54087]  
08181: [15820, 32181, 39820, 56181]  
03959: [20042, 27959, 44042, 51959]  
04762: [19239, 28762, 43239, 52762]  
03441: [20560, 27441, 44560, 51441]  
03976: [20025, 27976, 44025, 51976]  
08835: [15166, 32835, 39166, 56835]  
08321: [15680, 32321, 39680, 56321]  
09340: [14661, 33340, 38661, 57340]  
06393: [17608, 30393, 41608, 54393]  
10528: [13473, 34528, 37473, 58528]  
08300: [15701, 32300, 39701, 56300]  
11407: [12594, 35407, 36594, 59407]  
04165: [19836, 28165, 43836, 52165]  
06186: [17815, 30186, 41815, 54186]  
03282: [20719, 27282, 44719, 51282]  
07613: [16388, 31613, 40388, 55613]  
00657: [23344, 24657, 47344, 48657]  
08227: [15774, 32227, 39774, 56227]  
05848: [18153, 29848, 42153, 53848]  
07584: [16417, 31584, 40417, 55584]  
09173: [14828, 33173, 38828, 57173]  
05989: [18012, 29989, 42012, 53989]  
04768: [19233, 28768, 43233, 52768]  
01721: [22280, 25721, 46280, 49721]  
06440: [17561, 30440, 41561, 54440]  
06328: [17673, 30328, 41673, 54328]  
06986: [17015, 30986, 41015, 54986]  
03289: [20712, 27289, 44712, 51289]  
08995: [15006, 32995, 39006, 56995]  
07524: [16477, 31524, 40477, 55524]  
04626: [19375, 28626, 43375, 52626]  
04664: [19337, 28664, 43337, 52664]  
10891: [13110, 34891, 37110, 58891]  
00548: [23453, 24548, 47453, 48548]  
11253: [12748, 35253, 36748, 59253]  