		,	2918,	07041,		,		,		,		,		,		 ,        ,       ,       ,      ,       ,        ,
		,	2919,	30057,		,		,		,		,		,		 ,        ,       ,       ,      ,       ,        ,
		,	2920,	22832,		,		,		,		,		,		 ,        ,       ,       ,      ,       ,        ,
		,	2921,	16974,		,		,		,		,		,		 ,        ,       ,       ,      ,       ,        ,
		,	2922,	13806,		,		,		,		,		,		 ,        ,       ,       ,      ,       ,        ,
		,	2923,	36692,		,		,		,		,		,		 ,        ,       ,       ,      ,       ,        ,
		,	2924,	23369,		,		,		,		,		,		 ,        ,       ,       ,      ,       ,        ,
		,	2925,	20860,		,		,		,		,		,		 ,        ,       ,       ,      ,       ,        ,
		,	2926,	00459,		,		,		,		,		,		 ,        ,       ,       ,      ,       ,        ,
		,	2927,	48022,		,		,		,		,		,		 ,        ,       ,       ,      ,       ,        ,
		,	2928,	03719,		,		,		,		,		,		 ,        ,       ,       ,      ,       ,        ,
		,	2929,	43397,		,		,		,		,		,		 ,        ,       ,       ,      ,       ,        ,
		,	2930,	37344,		,		,		,		,		,		 ,        ,       ,       ,      ,       ,        ,
		,	2931,	27637,		,		,		,		,		,		 ,        ,       ,       ,      ,       ,        ,
		,	2932,	36962,		,		,		,		,		,		 ,        ,       ,       ,      ,       ,        ,
		,	2933,	46374,		,		,		,		,		,		 ,        ,       ,       ,      ,       ,        ,
		,	2934,	24174,		,		,		,		,		,		 ,        ,       ,       ,      ,       ,        ,
		,	2935,	01231,		,		,		,		,		,		 ,        ,       ,       ,      ,       ,        ,
		,	2936,	48404,		,		,		,		,		,		 ,        ,       ,       ,      ,       ,        ,
		,	2937,	41733,		,		,		,		,		,		 ,        ,       ,       ,      ,       ,        ,
		,	2938,	01675,		,		,		,		,		,		 ,        ,       ,       ,      ,       ,        ,
		,	2939,	49357,		,		,		,		,		,		 ,        ,       ,       ,      ,       ,        ,
		,	2940,	16116,		,		,		,		,		,		 ,        ,       ,       ,      ,       ,        ,
		,	2941,	18317,		,		,		,		,		,		 ,        ,       ,       ,      ,       ,        ,
		,	2942,	48068,		,		,		,		,		,		 ,        ,       ,       ,      ,       ,        ,
		,	2943,	44827,		,		,		,		,		,		 ,        ,       ,       ,      ,       ,        ,
		,	2944,	34097,		,		,		,		,		,		 ,        ,       ,       ,      ,       ,        ,
		,	2945,	43776,		,		,		,		,		,		 ,        ,       ,       ,      ,       ,        ,
		,	2946,	18326,		,		,		,		,		,		 ,        ,       ,       ,      ,       ,        ,
		,	2947,	01678,		,		,		,		,		,		 ,        ,       ,       ,      ,       ,        ,
		,	2948,	18707,		,		,		,		,		,		 ,        ,       ,       ,      ,       ,        ,
		,	2949,	18160,		,		,		,		,		,		 ,        ,       ,       ,      ,       ,        ,
		,	2950,	20725,		,		,		,		,		,		 ,        ,       ,       ,      ,       ,        ,
		,	2951,	38794,		,		,		,		,		,		 ,        ,       ,       ,      ,       ,        ,
		,	2952,	49545,		,		,		,		,		,		 ,        ,       ,       ,      ,       ,        ,
		,	2953,	37041,		,		,		,		,		,		 ,        ,       ,       ,      ,       ,        ,
		,	2954,	05809,		,		,		,		,		,		 ,        ,       ,       ,      ,       ,        ,
		,	2955,	26295,		,		,		,		,		,		 ,        ,       ,       ,      ,       ,        ,
		,	2956,	26813,		,		,		,		,		,		 ,        ,       ,       ,      ,       ,        ,
		,	2957,	21954,		,		,		,		,		,		 ,        ,       ,       ,      ,       ,        ,
		,	2958,	00532,		,		,		,		,		,		 ,        ,       ,       ,      ,       ,        ,
		,	2959,	00517,		,		,		,		,		,		 ,        ,       ,       ,      ,       ,        ,
		,	2960,	43149,		,		,		,		,		,		 ,        ,       ,       ,      ,       ,        ,
		,	2961,	20558,		,		,		,		,		,		 ,        ,       ,       ,      ,       ,        ,
		,	2962,	40780,		,		,		,		,		,		 ,        ,       ,       ,      ,       ,        ,
		,	2963,	07339,		,		,		,		,		,		 ,        ,       ,       ,      ,       ,        ,
		,	2964,	07957,		,		,		,		,		,		 ,        ,       ,       ,      ,       ,        ,
		,	2965,	03373,		,		,		,		,		,		 ,        ,       ,       ,      ,       ,        ,
		,	2966,	42040,		,		,		,		,		,		 ,        ,       ,       ,      ,       ,        ,
		,	2967,	00053,		,		,		,		,		,		 ,        ,       ,       ,      ,       ,        ,
		,	2968,	22697,		,		,		,		,		,		 ,        ,       ,       ,      ,       ,        ,
		,	2969,	40206,		,		,		,		,		,		 ,        ,       ,       ,      ,       ,        ,
		,	2970,	19763,		,		,		,		,		,		 ,        ,       ,       ,      ,       ,        ,
		,	2971,	11170,		,		,		,		,		,		 ,        ,       ,       ,      ,       ,        ,
		,	2972,	22575,		,		,		,		,		,		 ,        ,       ,       ,      ,       ,        ,
		,	2973,	46360,		,		,		,		,		,		 ,        ,       ,       ,      ,       ,        ,
		,	2974,	44052,		,		,		,		,		,		 ,        ,       ,       ,      ,       ,        ,
		,	2975,	36740,		,		,		,		,		,		 ,        ,       ,       ,      ,       ,        ,
		,	2976,	06062,		,		,		,		,		,		 ,        ,       ,       ,      ,       ,        ,
		,	2977,	24611,		,		,		,		,		,		 ,        ,       ,       ,      ,       ,        ,
		,	2978,	39629,		,		,		,		,		,		 ,        ,       ,       ,      ,       ,        ,
		,	2979,	39899,		,		,		,		,		,		 ,        ,       ,       ,      ,       ,        ,
		,	2980,	09339,		,		,		,		,		,		 ,        ,       ,       ,      ,       ,        ,
		,	2981,	26845,		,		,		,		,		,		 ,        ,       ,       ,      ,       ,        ,
		,	2982,	38541,		,		,		,		,		,		 ,        ,       ,       ,      ,       ,        ,
		,	2983,	32467,		,		,		,		,		,		 ,        ,       ,       ,      ,       ,        ,
		,	2984,	30450,		,		,		,		,		,		 ,        ,       ,       ,      ,       ,        ,
		,	2985,	44316,		,		,		,		,		,		 ,        ,       ,       ,      ,       ,        ,
		,	2986,	32090,		,		,		,		,		,		 ,        ,       ,       ,      ,       ,        ,
		,	2987,	33200,		,		,		,		,		,		 ,        ,       ,       ,      ,       ,        ,
		,	2988,	11403,		,		,		,		,		,		 ,        ,       ,       ,      ,       ,        ,
		,	2989,	41540,		,		,		,		,		,		 ,        ,       ,       ,      ,       ,        ,
		,	2990,	43017,		,		,		,		,		,		 ,        ,       ,       ,      ,       ,        ,
		,	2991,	33342,		,		,		,		,		,		 ,        ,       ,       ,      ,       ,        ,
		,	2992,	24054,		,		,		,		,		,		 ,        ,       ,       ,      ,       ,        ,
		,	2993,	30631,		,		,		,		,		,		 ,        ,       ,       ,      ,       ,        ,
		,	2994,	23461,		,		,		,		,		,		 ,        ,       ,       ,      ,       ,        ,
		,	2995,	18817,		,		,		,		,		,		 ,        ,       ,       ,      ,       ,        ,
		,	2996,	19797,		,		,		,		,		,		 ,        ,       ,       ,      ,       ,        ,
		,	2997,	24179,		,		,		,		,		,		 ,        ,       ,       ,      ,       ,        ,
		,	2998,	09580,		,		,		,		,		,		 ,        ,       ,       ,      ,       ,        ,
		,	2999,	46903,		,		,		,		,		,		 ,        ,       ,       ,      ,       ,        ,
		,	3000,	37058,		,		,		,		,		,		 ,        ,       ,       ,      ,       ,        ,
		,	3001,	20914,		,		,		,		,		,		 ,        ,       ,       ,      ,       ,        ,
		,	3002,	03460,		,		,		,		,		,		 ,        ,       ,       ,      ,       ,        ,
		,	3003,	30448,		,		,		,		,		,		 ,        ,       ,       ,      ,       ,        ,
		,	3004,	41854,		,		,		,		,		,		 ,        ,       ,       ,      ,       ,        ,
		,	3005,	02476,		,		,		,		,		,		 ,        ,       ,       ,      ,       ,        ,
		,	3006,	31563,		,		,		,		,		,		 ,        ,       ,       ,      ,       ,        ,
		,	3007,	06303,		,		,		,		,		,		 ,        ,       ,       ,      ,       ,        ,
		,	3008,	43455,		,		,		,		,		,		 ,        ,       ,       ,      ,       ,        ,
		,	3009,	18958,		,		,		,		,		,		 ,        ,       ,       ,      ,       ,        ,
		,	3010,	20695,		,		,		,		,		,		 ,        ,       ,       ,      ,       ,        ,
		,	3011,	30934,		,		,		,		,		,		 ,        ,       ,       ,      ,       ,        ,
		,	3012,	22012,		,		,		,		,		,		 ,        ,       ,       ,      ,       ,        ,
		,	3013,	04792,		,		,		,		,		,		 ,        ,       ,       ,      ,       ,        ,
		,	3014,	17051,		,		,		,		,		,		 ,        ,       ,       ,      ,       ,        ,
		,	3015,	25848,		,		,		,		,		,		 ,        ,       ,       ,      ,       ,        ,
		,	3016,	33260,		,		,		,		,		,		 ,        ,       ,       ,      ,       ,        ,
		,	3017,	45266,		,		,		,		,		,		 ,        ,       ,       ,      ,       ,        ,
		,	3018,	07925,		,		,		,		,		,		 ,        ,       ,       ,      ,       ,        ,
		,	3019,	15569,		,		,		,		,		,		 ,        ,       ,       ,      ,       ,        ,
		,	3020,	40730,		,		,		,		,		,		 ,        ,       ,       ,      ,       ,        ,
		,	3021,	22586,		,		,		,		,		,		 ,        ,       ,       ,      ,       ,        ,
		,	3022,	12314,		,		,		,		,		,		 ,        ,       ,       ,      ,       ,        ,
		,	3023,	25997,		,		,		,		,		,		 ,        ,       ,       ,      ,       ,        ,
		,	3024,	00163,		,		,		,		,		,		 ,        ,       ,       ,      ,       ,        ,
		,	3025,	31802,		,		,		,		,		,		 ,        ,       ,       ,      ,       ,        ,
		,	3026,	36792,		,		,		,		,		,		 ,        ,       ,       ,      ,       ,        ,
		,	3027,	01896,		,		,		,		,		,		 ,        ,       ,       ,      ,       ,        ,
		,	3028,	31990,		,		,		,		,		,		 ,        ,       ,       ,      ,       ,        ,
		,	3029,	21290,		,		,		,		,		,		 ,        ,       ,       ,      ,       ,        ,
		,	3030,	18040,		,		,		,		,		,		 ,        ,       ,       ,      ,       ,        ,
		,	3031,	22848,		,		,		,		,		,		 ,        ,       ,       ,      ,       ,        ,
		,	3032,	41169,		,		,		,		,		,		 ,        ,       ,       ,      ,       ,        ,
		,	3033,	30228,		,		,		,		,		,		 ,        ,       ,       ,      ,       ,        ,
		,	3034,	08161,		,		,		,		,		,		 ,        ,       ,       ,      ,       ,        ,
		,	3035,	48986,		,		,		,		,		,		 ,        ,       ,       ,      ,       ,        ,
		,	3036,	19772,		,		,		,		,		,		 ,        ,       ,       ,      ,       ,        ,
		,	3037,	41258,		,		,		,		,		,		 ,        ,       ,       ,      ,       ,        ,
		,	3038,	24439,		,		,		,		,		,		 ,        ,       ,       ,      ,       ,        ,
		,	3039,	06929,		,		,		,		,		,		 ,        ,       ,       ,      ,       ,        ,
		,	3040,	19585,		,		,		,		,		,		 ,        ,       ,       ,      ,       ,        ,
		,	3041,	29022,		,		,		,		,		,		 ,        ,       ,       ,      ,       ,        ,
		,	3042,	19050,		,		,		,		,		,		 ,        ,       ,       ,      ,       ,        ,
		,	3043,	20120,		,		,		,		,		,		 ,        ,       ,       ,      ,       ,        ,
		,	3044,	06254,		,		,		,		,		,		 ,        ,       ,       ,      ,       ,        ,
		,	3045,	46150,		,		,		,		,		,		 ,        ,       ,       ,      ,       ,        ,
		,	3046,	48794,		,		,		,		,		,		 ,        ,       ,       ,      ,       ,        ,
		,	3047,	16871,		,		,		,		,		,		 ,        ,       ,       ,      ,       ,        ,
		,	3048,	08925,		,		,		,		,		,		 ,        ,       ,       ,      ,       ,        ,
		,	3049,	24324,		,		,		,		,		,		 ,        ,       ,       ,      ,       ,        ,
		,	3050,	14849,		,		,		,		,		,		 ,        ,       ,       ,      ,       ,        ,
		,	3051,	00633,		,		,		,		,		,		 ,        ,       ,       ,      ,       ,        ,
		,	3052,	06803,		,		,		,		,		,		 ,        ,       ,       ,      ,       ,        ,
		,	3053,	37601,		,		,		,		,		,		 ,        ,       ,       ,      ,       ,        ,
		,	3054,	37343,		,		,		,		,		,		 ,        ,       ,       ,      ,       ,        ,
		,	3055,	06178,		,		,		,		,		,		 ,        ,       ,       ,      ,       ,        ,
		,	3056,	03919,		,		,		,		,		,		 ,        ,       ,       ,      ,       ,        ,
		,	3057,	22362,		,		,		,		,		,		 ,        ,       ,       ,      ,       ,        ,
		,	3058,	46955,		,		,		,		,		,		 ,        ,       ,       ,      ,       ,        ,
		,	3059,	23889,		,		,		,		,		,		 ,        ,       ,       ,      ,       ,        ,
		,	3060,	33852,		,		,		,		,		,		 ,        ,       ,       ,      ,       ,        ,
		,	3061,	29468,		,		,		,		,		,		 ,        ,       ,       ,      ,       ,        ,
		,	3062,	46945,		,		,		,		,		,		 ,        ,       ,       ,      ,       ,        ,
		,	3063,	47905,		,		,		,		,		,		 ,        ,       ,       ,      ,       ,        ,
		,	3064,	02333,		,		,		,		,		,		 ,        ,       ,       ,      ,       ,        ,
		,	3065,	20600,		,		,		,		,		,		 ,        ,       ,       ,      ,       ,        ,
		,	3066,	25128,		,		,		,		,		,		 ,        ,       ,       ,      ,       ,        ,
		,	3067,	16387,		,		,		,		,		,		 ,        ,       ,       ,      ,       ,        ,
		,	3068,	07725,		,		,		,		,		,		 ,        ,       ,       ,      ,       ,        ,
		,	3069,	40866,		,		,		,		,		,		 ,        ,       ,       ,      ,       ,        ,
		,	3070,	45600,		,		,		,		,		,		 ,        ,       ,       ,      ,       ,        ,
		,	3071,	16422,		,		,		,		,		,		 ,        ,       ,       ,      ,       ,        ,
		,	3072,	44426,		,		,		,		,		,		 ,        ,       ,       ,      ,       ,        ,
		,	3073,	38925,		,		,		,		,		,		 ,        ,       ,       ,      ,       ,        ,
		,	3074,	48316,		,		,		,		,		,		 ,        ,       ,       ,      ,       ,        ,
		,	3075,	06543,		,		,		,		,		,		 ,        ,       ,       ,      ,       ,        ,
		,	3076,	10249,		,		,		,		,		,		 ,        ,       ,       ,      ,       ,        ,
		,	3077,	33091,		,		,		,		,		,		 ,        ,       ,       ,      ,       ,        ,
		,	3078,	28710,		,		,		,		,		,		 ,        ,       ,       ,      ,       ,        ,
		,	3079,	18491,		,		,		,		,		,		 ,        ,       ,       ,      ,       ,        ,
		,	3080,	00917,		,		,		,		,		,		 ,        ,       ,       ,      ,       ,        ,
		,	3081,	21065,		,		,		,		,		,		 ,        ,       ,       ,      ,       ,        ,
		,	3082,	01342,		,		,		,		,		,		 ,        ,       ,       ,      ,       ,        ,
		,	3083,	36842,		,		,		,		,		,		 ,        ,       ,       ,      ,       ,        ,
		,	3084,	28828,		,		,		,		,		,		 ,        ,       ,       ,      ,       ,        ,
		,	3085,	15497,		,		,		,		,		,		 ,        ,       ,       ,      ,       ,        ,
		,	3086,	25641,		,		,		,		,		,		 ,        ,       ,       ,      ,       ,        ,
		,	3087,	30064,		,		,		,		,		,		 ,        ,       ,       ,      ,       ,        ,
		,	3088,	38208,		,		,		,		,		,		 ,        ,       ,       ,      ,       ,        ,
		,	3089,	43047,		,		,		,		,		,		 ,        ,       ,       ,      ,       ,        ,
		,	3090,	30561,		,		,		,		,		,		 ,        ,       ,       ,      ,       ,        ,
		,	3091,	33198,		,		,		,		,		,		 ,        ,       ,       ,      ,       ,        ,
		,	3092,	18596,		,		,		,		,		,		 ,        ,       ,       ,      ,       ,        ,
		,	3093,	00231,		,		,		,		,		,		 ,        ,       ,       ,      ,       ,        ,
		,	3094,	32379,		,		,		,		,		,		 ,        ,       ,       ,      ,       ,        ,
		,	3095,	46057,		,		,		,		,		,		 ,        ,       ,       ,      ,       ,        ,
		,	3096,	38909,		,		,		,		,		,		 ,        ,       ,       ,      ,       ,        ,
		,	3097,	24874,		,		,		,		,		,		 ,        ,       ,       ,      ,       ,        ,
		,	3098,	06890,		,		,		,		,		,		 ,        ,       ,       ,      ,       ,        ,
		,	3099,	46560,		,		,		,		,		,		 ,        ,       ,       ,      ,       ,        ,
		,	3100,	47610,		,		,		,		,		,		 ,        ,       ,       ,      ,       ,        ,
		,	3101,	07447,		,		,		,		,		,		 ,        ,       ,       ,      ,       ,        ,
		,	3102,	01457,		,		,		,		,		,		 ,        ,       ,       ,      ,       ,        ,
		,	3103,	39045,		,		,		,		,		,		 ,        ,       ,       ,      ,       ,        ,
		,	3104,	28186,		,		,		,		,		,		 ,        ,       ,       ,      ,       ,        ,
		,	3105,	46153,		,		,		,		,		,		 ,        ,       ,       ,      ,       ,        ,
		,	3106,	23727,		,		,		,		,		,		 ,        ,       ,       ,      ,       ,        ,
		,	3107,	03417,		,		,		,		,		,		 ,        ,       ,       ,      ,       ,        ,
		,	3108,	12408,		,		,		,		,		,		 ,        ,       ,       ,      ,       ,        ,
		,	3109,	09953,		,		,		,		,		,		 ,        ,       ,       ,      ,       ,        ,
		,	3110,	15821,		,		,		,		,		,		 ,        ,       ,       ,      ,       ,        ,
		,	3111,	45329,		,		,		,		,		,		 ,        ,       ,       ,      ,       ,        ,
		,	3112,	43831,		,		,		,		,		,		 ,        ,       ,       ,      ,       ,        ,
		,	3113,	33075,		,		,		,		,		,		 ,        ,       ,       ,      ,       ,        ,
		,	3114,	21869,		,		,		,		,		,		 ,        ,       ,       ,      ,       ,        ,
		,	3115,	43052,		,		,		,		,		,		 ,        ,       ,       ,      ,       ,        ,
		,	3116,	17934,		,		,		,		,		,		 ,        ,       ,       ,      ,       ,        ,
		,	3117,	08798,		,		,		,		,		,		 ,        ,       ,       ,      ,       ,        ,
		,	3118,	37770,		,		,		,		,		,		 ,        ,       ,       ,      ,       ,        ,
		,	3119,	18602,		,		,		,		,		,		 ,        ,       ,       ,      ,       ,        ,
		,	3120,	05325,		,		,		,		,		,		 ,        ,       ,       ,      ,       ,        ,
		,	3121,	39623,		,		,		,		,		,		 ,        ,       ,       ,      ,       ,        ,
		,	3122,	07891,		,		,		,		,		,		 ,        ,       ,       ,      ,       ,        ,
		,	3123,	47937,		,		,		,		,		,		 ,        ,       ,       ,      ,       ,        ,
		,	3124,	46585,		,		,		,		,		,		 ,        ,       ,       ,      ,       ,        ,
		,	3125,	30566,		,		,		,		,		,		 ,        ,       ,       ,      ,       ,        ,
		,	3126,	51632,		,		,		,		,		,		 ,        ,       ,       ,      ,       ,        ,
		,	3127,	28027,		,		,		,		,		,		 ,        ,       ,       ,      ,       ,        ,
		,	3128,	43276,		,		,		,		,		,		 ,        ,       ,       ,      ,       ,        ,
		,	3129,	49507,		,		,		,		,		,		 ,        ,       ,       ,      ,       ,        ,
		,	3130,	29337,		,		,		,		,		,		 ,        ,       ,       ,      ,       ,        ,
		,	3131,	13824,		,		,		,		,		,		 ,        ,       ,       ,      ,       ,        ,
		,	3132,	43957,		,		,		,		,		,		 ,        ,       ,       ,      ,       ,        ,
		,	3133,	55763,		,		,		,		,		,		 ,        ,       ,       ,      ,       ,        ,
		,	3134,	05884,		,		,		,		,		,		 ,        ,       ,       ,      ,       ,        ,
		,	3135,	46076,		,		,		,		,		,		 ,        ,       ,       ,      ,       ,        ,
		,	3136,	17172,		,		,		,		,		,		 ,        ,       ,       ,      ,       ,        ,
		,	3137,	12243,		,		,		,		,		,		 ,        ,       ,       ,      ,       ,        ,
		,	3138,	17130,		,		,		,		,		,		 ,        ,       ,       ,      ,       ,        ,
		,	3139,	56945,		,		,		,		,		,		 ,        ,       ,       ,      ,       ,        ,
		,	3140,	44199,		,		,		,		,		,		 ,        ,       ,       ,      ,       ,        ,
		,	3141,	07622,		,		,		,		,		,		 ,        ,       ,       ,      ,       ,        ,
		,	3142,	56002,		,		,		,		,		,		 ,        ,       ,       ,      ,       ,        ,
		,	3143,	20697,		,		,		,		,		,		 ,        ,       ,       ,      ,       ,        ,
		,	3144,	55382,		,		,		,		,		,		 ,        ,       ,       ,      ,       ,        ,
		,	3145,	47861,		,		,		,		,		,		 ,        ,       ,       ,      ,       ,        ,
		,	3146,	23672,		,		,		,		,		,		 ,        ,       ,       ,      ,       ,        ,
		,	3147,	22278,		,		,		,		,		,		 ,        ,       ,       ,      ,       ,        ,
		,	3148,	18234,		,		,		,		,		,		 ,        ,       ,       ,      ,       ,        ,
		,	3149,	34947,		,		,		,		,		,		 ,        ,       ,       ,      ,       ,        ,
		,	3150,	37464,		,		,		,		,		,		 ,        ,       ,       ,      ,       ,        ,
		,	3151,	24934,		,		,		,		,		,		 ,        ,       ,       ,      ,       ,        ,
		,	3152,	35216,		,		,		,		,		,		 ,        ,       ,       ,      ,       ,        ,
		,	3153,	03429,		,		,		,		,		,		 ,        ,       ,       ,      ,       ,        ,
		,	3154,	56195,		,		,		,		,		,		 ,        ,       ,       ,      ,       ,        ,
		,	3155,	52117,		,		,		,		,		,		 ,        ,       ,       ,      ,       ,        ,
		,	3156,	49548,		,		,		,		,		,		 ,        ,       ,       ,      ,       ,        ,
		,	3157,	01777,		,		,		,		,		,		 ,        ,       ,       ,      ,       ,        ,
		,	3158,	45422,		,		,		,		,		,		 ,        ,       ,       ,      ,       ,        ,
		,	3159,	45576,		,		,		,		,		,		 ,        ,       ,       ,      ,       ,        ,
		,	3160,	34423,		,		,		,		,		,		 ,        ,       ,       ,      ,       ,        ,
		,	3161,	27256,		,		,		,		,		,		 ,        ,       ,       ,      ,       ,        ,
		,	3162,	55569,		,		,		,		,		,		 ,        ,       ,       ,      ,       ,        ,
		,	3163,	57042,		,		,		,		,		,		 ,        ,       ,       ,      ,       ,        ,
		,	3164,	05408,		,		,		,		,		,		 ,        ,       ,       ,      ,       ,        ,
		,	3165,	03925,		,		,		,		,		,		 ,        ,       ,       ,      ,       ,        ,
		,	3166,	45772,		,		,		,		,		,		 ,        ,       ,       ,      ,       ,        ,
		,	3167,	24181,		,		,		,		,		,		 ,        ,       ,       ,      ,       ,        ,
		,	3168,	36529,		,		,		,		,		,		 ,        ,       ,       ,      ,       ,        ,
		,	3169,	35919,		,		,		,		,		,		 ,        ,       ,       ,      ,       ,        ,
		,	3170,	42426,		,		,		,		,		,		 ,        ,       ,       ,      ,       ,        ,
		,	3171,	17514,		,		,		,		,		,		 ,        ,       ,       ,      ,       ,        ,
		,	3172,	53763,		,		,		,		,		,		 ,        ,       ,       ,      ,       ,        ,
		,	3173,	15230,		,		,		,		,		,		 ,        ,       ,       ,      ,       ,        ,
		,	3174,	19791,		,		,		,		,		,		 ,        ,       ,       ,      ,       ,        ,
		,	3175,	02361,		,		,		,		,		,		 ,        ,       ,       ,      ,       ,        ,
		,	3176,	17235,		,		,		,		,		,		 ,        ,       ,       ,      ,       ,        ,
		,	3177,	04527,		,		,		,		,		,		 ,        ,       ,       ,      ,       ,        ,
		,	3178,	14236,		,		,		,		,		,		 ,        ,       ,       ,      ,       ,        ,
		,	3179,	38054,		,		,		,		,		,		 ,        ,       ,       ,      ,       ,        ,
		,	3180,	21651,		,		,		,		,		,		 ,        ,       ,       ,      ,       ,        ,
		,	3181,	51198,		,		,		,		,		,		 ,        ,       ,       ,      ,       ,        ,
		,	3182,	14342,		,		,		,		,		,		 ,        ,       ,       ,      ,       ,        ,
		,	3183,	34801,		,		,		,		,		,		 ,        ,       ,       ,      ,       ,        ,
		,	3184,	54277,		,		,		,		,		,		 ,        ,       ,       ,      ,       ,        ,
		,	3185,	15874,		,		,		,		,		,		 ,        ,       ,       ,      ,       ,        ,
		,	3186,	38113,		,		,		,		,		,		 ,        ,       ,       ,      ,       ,        ,
		,	3187,	25241,		,		,		,		,		,		 ,        ,       ,       ,      ,       ,        ,
		,	3188,	16959,		,		,		,		,		,		 ,        ,       ,       ,      ,       ,        ,
		,	3191,	33192,		,		,		,		,		,		 ,        ,       ,       ,      ,       ,        ,
		,	3192,	52018,		,		,		,		,		,		 ,        ,       ,       ,      ,       ,        ,
		,	3195,	53524,		,		,		,		,		,		 ,        ,       ,       ,      ,       ,        ,
		,	3199,	03549,		,		,		,		,		,		 ,        ,       ,       ,      ,       ,        ,
		,	3200,	36043,		,		,		,		,		,		 ,        ,       ,       ,      ,       ,        ,
		,	3202,	07462,		,		,		,		,		,		 ,        ,       ,       ,      ,       ,        ,
		,	3206,	05408,		,		,		,		,		,		 ,        ,       ,       ,      ,       ,        ,
		,	3207,	31114,		,		,		,		,		,		 ,        ,       ,       ,      ,       ,        ,
		,	3208,	47018,		,		,		,		,		,		 ,        ,       ,       ,      ,       ,        ,
		,	3213,	34517,		,		,		,		,		,		 ,        ,       ,       ,      ,       ,        ,
		,	3216,	11754,		,		,		,		,		,		 ,        ,       ,       ,      ,       ,        ,
		,	3219,	38644,		,		,		,		,		,		 ,        ,       ,       ,      ,       ,        ,
		,	3220,	16215,		,		,		,		,		,		 ,        ,       ,       ,      ,       ,        ,
		,	3221,	34854,		,		,		,		,		,		 ,        ,       ,       ,      ,       ,        ,
		,	3222,	51492,		,		,		,		,		,		 ,        ,       ,       ,      ,       ,        ,
		,	3223,	10523,		,		,		,		,		,		 ,        ,       ,       ,      ,       ,        ,
		,	3224,	23038,		,		,		,		,		,		 ,        ,       ,       ,      ,       ,        ,
		,	3225,	53108,		,		,		,		,		,		 ,        ,       ,       ,      ,       ,        ,
		,	3226,	18085,		,		,		,		,		,		 ,        ,       ,       ,      ,       ,        ,
		,	3227,	11459,		,		,		,		,		,		 ,        ,       ,       ,      ,       ,        ,
		,	3228,	13936,		,		,		,		,		,		 ,        ,       ,       ,      ,       ,        ,
		,	3229,	46273,		,		,		,		,		,		 ,        ,       ,       ,      ,       ,        ,
		,	3230,	56909,		,		,		,		,		,		 ,        ,       ,       ,      ,       ,        ,
		,	3231,	34641,		,		,		,		,		,		 ,        ,       ,       ,      ,       ,        ,
		,	3232,	58830,		,		,		,		,		,		 ,        ,       ,       ,      ,       ,        ,
		,	3233,	35853,		,		,		,		,		,		 ,        ,       ,       ,      ,       ,        ,
		,	3234,	34979,		,		,		,		,		,		 ,        ,       ,       ,      ,       ,        ,
		,	3235,	11542,		,		,		,		,		,		 ,        ,       ,       ,      ,       ,        ,
		,	3236,	33317,		,		,		,		,		,		 ,        ,       ,       ,      ,       ,        ,
		,	3237,	18482,		,		,		,		,		,		 ,        ,       ,       ,      ,       ,        ,
		,	3238,	52240,		,		,		,		,		,		 ,        ,       ,       ,      ,       ,        ,
		,	3239,	25621,		,		,		,		,		,		 ,        ,       ,       ,      ,       ,        ,
		,	3240,	35043,		,		,		,		,		,		 ,        ,       ,       ,      ,       ,        ,
		,	3241,	59457,		,		,		,		,		,		 ,        ,       ,       ,      ,       ,        ,
		,	3242,	27781,		,		,		,		,		,		 ,        ,       ,       ,      ,       ,        ,
		,	3243,	12099,		,		,		,		,		,		 ,        ,       ,       ,      ,       ,        ,
		,	3244,	23111,		,		,		,		,		,		 ,        ,       ,       ,      ,       ,        ,
		,	3245,	06246,		,		,		,		,		,		 ,        ,       ,       ,      ,       ,        ,
		,	3246,	36449,		,		,		,		,		,		 ,        ,       ,       ,      ,       ,        ,
		,	3247,	49521,		,		,		,		,		,		 ,        ,       ,       ,      ,       ,        ,
		,	3248,	44406,		,		,		,		,		,		 ,        ,       ,       ,      ,       ,        ,
		,	3249,	57421,		,		,		,		,		,		 ,        ,       ,       ,      ,       ,        ,
		,	3250,	20516,		,		,		,		,		,		 ,        ,       ,       ,      ,       ,        ,
		,	3251,	47193,		,		,		,		,		,		 ,        ,       ,       ,      ,       ,        ,
		,	3252,	02202,		,		,		,		,		,		 ,        ,       ,       ,      ,       ,        ,
		,	3253,	12740,		,		,		,		,		,		 ,        ,       ,       ,      ,       ,        ,
		,	3254,	27493,		,		,		,		,		,		 ,        ,       ,       ,      ,       ,        ,
		,	3255,	42157,		,		,		,		,		,		 ,        ,       ,       ,      ,       ,        ,
		,	3256,	04392,		,		,		,		,		,		 ,        ,       ,       ,      ,       ,        ,
		,	3257,	27664,		,		,		,		,		,		 ,        ,       ,       ,      ,       ,        ,
		,	3258,	09415,		,		,		,		,		,		 ,        ,       ,       ,      ,       ,        ,
		,	3259,	52172,		,		,		,		,		,		 ,        ,       ,       ,      ,       ,        ,
		,	3260,	35508,		,		,		,		,		,		 ,        ,       ,       ,      ,       ,        ,
		,	3261,	32454,		,		,		,		,		,		 ,        ,       ,       ,      ,       ,        ,
		,	3262,	42558,		,		,		,		,		,		 ,        ,       ,       ,      ,       ,        ,
		,	3263,	11135,		,		,		,		,		,		 ,        ,       ,       ,      ,       ,        ,
		,	3264,	13496,		,		,		,		,		,		 ,        ,       ,       ,      ,       ,        ,
		,	3265,	49209,		,		,		,		,		,		 ,        ,       ,       ,      ,       ,        ,
		,	3266,	13542,		,		,		,		,		,		 ,        ,       ,       ,      ,       ,        ,
		,	3267,	14720,		,		,		,		,		,		 ,        ,       ,       ,      ,       ,        ,
		,	3268,	06267,		,		,		,		,		,		 ,        ,       ,       ,      ,       ,        ,
		,	3269,	16454,		,		,		,		,		,		 ,        ,       ,       ,      ,       ,        ,
		,	3270,	44201,		,		,		,		,		,		 ,        ,       ,       ,      ,       ,        ,
		,	3271,	44753,		,		,		,		,		,		 ,        ,       ,       ,      ,       ,        ,
		,	3272,	47229,		,		,		,		,		,		 ,        ,       ,       ,      ,       ,        ,
		,	3273,	35721,		,		,		,		,		,		 ,        ,       ,       ,      ,       ,        ,
		,	3274,	25967,		,		,		,		,		,		 ,        ,       ,       ,      ,       ,        ,
		,	3275,	04033,		,		,		,		,		,		 ,        ,       ,       ,      ,       ,        ,
		,	3276,	05838,		,		,		,		,		,		 ,        ,       ,       ,      ,       ,        ,
		,	3277,	51893,		,		,		,		,		,		 ,        ,       ,       ,      ,       ,        ,
		,	3278,	53290,		,		,		,		,		,		 ,        ,       ,       ,      ,       ,        ,
		,	3279,	19909,		,		,		,		,		,		 ,        ,       ,       ,      ,       ,        ,
		,	3280,	29153,		,		,		,		,		,		 ,        ,       ,       ,      ,       ,        ,
		,	3281,	02031,		,		,		,		,		,		 ,        ,       ,       ,      ,       ,        ,
		,	3282,	09091,		,		,		,		,		,		 ,        ,       ,       ,      ,       ,        ,
		,	3283,	28426,		,		,		,		,		,		 ,        ,       ,       ,      ,       ,        ,
		,	3284,	57845,		,		,		,		,		,		 ,        ,       ,       ,      ,       ,        ,
		,	3285,	15770,		,		,		,		,		,		 ,        ,       ,       ,      ,       ,        ,
		,	3286,	35262,		,		,		,		,		,		 ,        ,       ,       ,      ,       ,        ,
		,	3287,	08255,		,		,		,		,		,		 ,        ,       ,       ,      ,       ,        ,
		,	3288,	51304,		,		,		,		,		,		 ,        ,       ,       ,      ,       ,        ,
		,	3289,	18513,		,		,		,		,		,		 ,        ,       ,       ,      ,       ,        ,
		,	3290,	26166,		,		,		,		,		,		 ,        ,       ,       ,      ,       ,        ,
		,	3291,	59042,		,		,		,		,		,		 ,        ,       ,       ,      ,       ,        ,
		,	3292,	53090,		,		,		,		,		,		 ,        ,       ,       ,      ,       ,        ,
		,	3293,	10145,		,		,		,		,		,		 ,        ,       ,       ,      ,       ,        ,
		,	3294,	29542,		,		,		,		,		,		 ,        ,       ,       ,      ,       ,        ,
		,	3295,	06173,		,		,		,		,		,		 ,        ,       ,       ,      ,       ,        ,
		,	3296,	39387,		,		,		,		,		,		 ,        ,       ,       ,      ,       ,        ,
		,	3297,	28259,		,		,		,		,		,		 ,        ,       ,       ,      ,       ,        ,
		,	3298,	44280,		,		,		,		,		,		 ,        ,       ,       ,      ,       ,        ,
		,	3299,	36420,		,		,		,		,		,		 ,        ,       ,       ,      ,       ,        ,
		,	3300,	00365,		,		,		,		,		,		 ,        ,       ,       ,      ,       ,        ,
		,	3301,	10524,		,		,		,		,		,		 ,        ,       ,       ,      ,       ,        ,
		,	3302,	19173,		,		,		,		,		,		 ,        ,       ,       ,      ,       ,        ,
		,	3303,	01869,		,		,		,		,		,		 ,        ,       ,       ,      ,       ,        ,
		,	3304,	10895,		,		,		,		,		,		 ,        ,       ,       ,      ,       ,        ,
		,	3305,	36353,		,		,		,		,		,		 ,        ,       ,       ,      ,       ,        ,
		,	3306,	37124,		,		,		,		,		,		 ,        ,       ,       ,      ,       ,        ,
		,	3307,	13236,		,		,		,		,		,		 ,        ,       ,       ,      ,       ,        ,
		,	3308,	29966,		,		,		,		,		,		 ,        ,       ,       ,      ,       ,        ,
		,	3309,	03539,		,		,		,		,		,		 ,        ,       ,       ,      ,       ,        ,
		,	3310,	48200,		,		,		,		,		,		 ,        ,       ,       ,      ,       ,        ,
		,	3311,	18571,		,		,		,		,		,		 ,        ,       ,       ,      ,       ,        ,
		,	3312,	03393,		,		,		,		,		,		 ,        ,       ,       ,      ,       ,        ,
		,	3313,	32329,		,		,		,		,		,		 ,        ,       ,       ,      ,       ,        ,
		,	3314,	47318,		,		,		,		,		,		 ,        ,       ,       ,      ,       ,        ,
		,	3315,	28965,		,		,		,		,		,		 ,        ,       ,       ,      ,       ,        ,
		,	3316,	30725,		,		,		,		,		,		 ,        ,       ,       ,      ,       ,        ,
		,	3317,	41155,		,		,		,		,		,		 ,        ,       ,       ,      ,       ,        ,
		,	3318,	28497,		,		,		,		,		,		 ,        ,       ,       ,      ,       ,        ,
		,	3319,	14629,		,		,		,		,		,		 ,        ,       ,       ,      ,       ,        ,
		,	3320,	43449,		,		,		,		,		,		 ,        ,       ,       ,      ,       ,        ,
		,	3321,	55514,		,		,		,		,		,		 ,        ,       ,       ,      ,       ,        ,
		,	3322,	25346,		,		,		,		,		,		 ,        ,       ,       ,      ,       ,        ,
		,	3323,	41989,		,		,		,		,		,		 ,        ,       ,       ,      ,       ,        ,
		,	3324,	24260,		,		,		,		,		,		 ,        ,       ,       ,      ,       ,        ,
		,	3325,	30688,		,		,		,		,		,		 ,        ,       ,       ,      ,       ,        ,
		,	3326,	06360,		,		,		,		,		,		 ,        ,       ,       ,      ,       ,        ,
		,	3327,	49646,		,		,		,		,		,		 ,        ,       ,       ,      ,       ,        ,
		,	3328,	06287,		,		,		,		,		,		 ,        ,       ,       ,      ,       ,        ,
		,	3329,	23968,		,		,		,		,		,		 ,        ,       ,       ,      ,       ,        ,
		,	3330,	37198,		,		,		,		,		,		 ,        ,       ,       ,      ,       ,        ,
		,	3331,	59304,		,		,		,		,		,		 ,        ,       ,       ,      ,       ,        ,
		,	3332,	59851,		,		,		,		,		,		 ,        ,       ,       ,      ,       ,        ,
		,	3333,	04418,		,		,		,		,		,		 ,        ,       ,       ,      ,       ,        ,
		,	3334,	58579,		,		,		,		,		,		 ,        ,       ,       ,      ,       ,        ,
		,	3335,	06551,		,		,		,		,		,		 ,        ,       ,       ,      ,       ,        ,
		,	3336,	28119,		,		,		,		,		,		 ,        ,       ,       ,      ,       ,        ,
		,	3337,	46309,		,		,		,		,		,		 ,        ,       ,       ,      ,       ,        ,
		,	3338,	59477,		,		,		,		,		,		 ,        ,       ,       ,      ,       ,        ,
		,	3339,	28801,		,		,		,		,		,		 ,        ,       ,       ,      ,       ,        ,
		,	3340,	09124,		,		,		,		,		,		 ,        ,       ,       ,      ,       ,        ,
		,	3341,	42402,		,		,		,		,		,		 ,        ,       ,       ,      ,       ,        ,
		,	3342,	14391,		,		,		,		,		,		 ,        ,       ,       ,      ,       ,        ,
		,	3343,	03815,		,		,		,		,		,		 ,        ,       ,       ,      ,       ,        ,
		,	3344,	51419,		,		,		,		,		,		 ,        ,       ,       ,      ,       ,        ,
		,	3345,	39365,		,		,		,		,		,		 ,        ,       ,       ,      ,       ,        ,
		,	3346,	51058,		,		,		,		,		,		 ,        ,       ,       ,      ,       ,        ,
		,	3347,	12377,		,		,		,		,		,		 ,        ,       ,       ,      ,       ,        ,
		,	3348,	46811,		,		,		,		,		,		 ,        ,       ,       ,      ,       ,        ,
		,	3349,	39442,		,		,		,		,		,		 ,        ,       ,       ,      ,       ,        ,
		,	3350,	00413,		,		,		,		,		,		 ,        ,       ,       ,      ,       ,        ,
		,	3351,	14927,		,		,		,		,		,		 ,        ,       ,       ,      ,       ,        ,
		,	3352,	24746,		,		,		,		,		,		 ,        ,       ,       ,      ,       ,        ,
		,	3353,	36625,		,		,		,		,		,		 ,        ,       ,       ,      ,       ,        ,
		,	3354,	23862,		,		,		,		,		,		 ,        ,       ,       ,      ,       ,        ,
		,	3355,	57238,		,		,		,		,		,		 ,        ,       ,       ,      ,       ,        ,
		,	3356,	38882,		,		,		,		,		,		 ,        ,       ,       ,      ,       ,        ,
		,	3357,	42285,		,		,		,		,		,		 ,        ,       ,       ,      ,       ,        ,
		,	3358,	43722,		,		,		,		,		,		 ,        ,       ,       ,      ,       ,        ,
		,	3359,	20487,		,		,		,		,		,		 ,        ,       ,       ,      ,       ,        ,
		,	3360,	34922,		,		,		,		,		,		 ,        ,       ,       ,      ,       ,        ,
		,	3361,	26688,		,		,		,		,		,		 ,        ,       ,       ,      ,       ,        ,
		,	3362,	59446,		,		,		,		,		,		 ,        ,       ,       ,      ,       ,        ,
		,	3363,	17544,		,		,		,		,		,		 ,        ,       ,       ,      ,       ,        ,
		,	3364,	11914,		,		,		,		,		,		 ,        ,       ,       ,      ,       ,        ,
		,	3365,	10480,		,		,		,		,		,		 ,        ,       ,       ,      ,       ,        ,
		,	3366,	19641,		,		,		,		,		,		 ,        ,       ,       ,      ,       ,        ,
		,	3367,	15895,		,		,		,		,		,		 ,        ,       ,       ,      ,       ,        ,
		,	3368,	33146,		,		,		,		,		,		 ,        ,       ,       ,      ,       ,        ,
		,	3369,	55687,		,		,		,		,		,		 ,        ,       ,       ,      ,       ,        ,
		,	3370,	57349,		,		,		,		,		,		 ,        ,       ,       ,      ,       ,        ,
		,	3371,	34632,		,		,		,		,		,		 ,        ,       ,       ,      ,       ,        ,
		,	3372,	18706,		,		,		,		,		,		 ,        ,       ,       ,      ,       ,        ,
		,	3373,	37491,		,		,		,		,		,		 ,        ,       ,       ,      ,       ,        ,
		,	3374,	40369,		,		,		,		,		,		 ,        ,       ,       ,      ,       ,        ,
		,	3375,	52091,		,		,		,		,		,		 ,        ,       ,       ,      ,       ,        ,
		,	3376,	18443,		,		,		,		,		,		 ,        ,       ,       ,      ,       ,        ,
		,	3377,	10140,		,		,		,		,		,		 ,        ,       ,       ,      ,       ,        ,
		,	3378,	39724,		,		,		,		,		,		 ,        ,       ,       ,      ,       ,        ,
		,	3379,	38085,		,		,		,		,		,		 ,        ,       ,       ,      ,       ,        ,
		,	3380,	34794,		,		,		,		,		,		 ,        ,       ,       ,      ,       ,        ,
		,	3381,	16076,		,		,		,		,		,		 ,        ,       ,       ,      ,       ,        ,
		,	3382,	56140,		,		,		,		,		,		 ,        ,       ,       ,      ,       ,        ,
		,	3383,	29212,		,		,		,		,		,		 ,        ,       ,       ,      ,       ,        ,
		,	3384,	51987,		,		,		,		,		,		 ,        ,       ,       ,      ,       ,        ,
		,	3385,	14179,		,		,		,		,		,		 ,        ,       ,       ,      ,       ,        ,
		,	3386,	23645,		,		,		,		,		,		 ,        ,       ,       ,      ,       ,        ,
		,	3387,	12564,		,		,		,		,		,		 ,        ,       ,       ,      ,       ,        ,
		,	3388,	45963,		,		,		,		,		,		 ,        ,       ,       ,      ,       ,        ,
		,	3389,	29540,		,		,		,		,		,		 ,        ,       ,       ,      ,       ,        ,
		,	3390,	46618,		,		,		,		,		,		 ,        ,       ,       ,      ,       ,        ,
		,	3391,	52093,		,		,		,		,		,		 ,        ,       ,       ,      ,       ,        ,
		,	3392,	44301,		,		,		,		,		,		 ,        ,       ,       ,      ,       ,        ,
		,	3393,	55327,		,		,		,		,		,		 ,        ,       ,       ,      ,       ,        ,
		,	3394,	21330,		,		,		,		,		,		 ,        ,       ,       ,      ,       ,        ,
		,	3395,	34728,		,		,		,		,		,		 ,        ,       ,       ,      ,       ,        ,
		,	3396,	38080,		,		,		,		,		,		 ,        ,       ,       ,      ,       ,        ,
		,	3397,	29012,		,		,		,		,		,		 ,        ,       ,       ,      ,       ,        ,
		,	3398,	47864,		,		,		,		,		,		 ,        ,       ,       ,      ,       ,        ,
		,	3399,	22131,		,		,		,		,		,		 ,        ,       ,       ,      ,       ,        ,
		,	3400,	36657,		,		,		,		,		,		 ,        ,       ,       ,      ,       ,        ,
		,	3401,	52501,		,		,		,		,		,		 ,        ,       ,       ,      ,       ,        ,
		,	3402,	49834,		,		,		,		,		,		 ,        ,       ,       ,      ,       ,        ,
		,	3403,	30139,		,		,		,		,		,		 ,        ,       ,       ,      ,       ,        ,
		,	3404,	45010,		,		,		,		,		,		 ,        ,       ,       ,      ,       ,        ,
		,	3405,	53630,		,		,		,		,		,		 ,        ,       ,       ,      ,       ,        ,
		,	3406,	26560,		,		,		,		,		,		 ,        ,       ,       ,      ,       ,        ,
		,	3407,	19739,		,		,		,		,		,		 ,        ,       ,       ,      ,       ,        ,
		,	3408,	33097,		,		,		,		,		,		 ,        ,       ,       ,      ,       ,        ,
		,	3409,	25985,		,		,		,		,		,		 ,        ,       ,       ,      ,       ,        ,
		,	3410,	00422,		,		,		,		,		,		 ,        ,       ,       ,      ,       ,        ,
		,	3411,	16469,		,		,		,		,		,		 ,        ,       ,       ,      ,       ,        ,
		,	3412,	49571,		,		,		,		,		,		 ,        ,       ,       ,      ,       ,        ,
		,	3413,	33008,		,		,		,		,		,		 ,        ,       ,       ,      ,       ,        ,
		,	3414,	35546,		,		,		,		,		,		 ,        ,       ,       ,      ,       ,        ,
		,	3415,	43601,		,		,		,		,		,		 ,        ,       ,       ,      ,       ,        ,
		,	3416,	10203,		,		,		,		,		,		 ,        ,       ,       ,      ,       ,        ,
		,	3417,	26526,		,		,		,		,		,		 ,        ,       ,       ,      ,       ,        ,
		,	3418,	39245,		,		,		,		,		,		 ,        ,       ,       ,      ,       ,        ,
		,	3419,	58593,		,		,		,		,		,		 ,        ,       ,       ,      ,       ,        ,
		,	3420,	19107,		,		,		,		,		,		 ,        ,       ,       ,      ,       ,        ,
		,	3421,	10173,		,		,		,		,		,		 ,        ,       ,       ,      ,       ,        ,
		,	3422,	59571,		,		,		,		,		,		 ,        ,       ,       ,      ,       ,        ,
		,	3423,	51793,		,		,		,		,		,		 ,        ,       ,       ,      ,       ,        ,
		,	3424,	44437,		,		,		,		,		,		 ,        ,       ,       ,      ,       ,        ,
		,	3425,	26505,		,		,		,		,		,		 ,        ,       ,       ,      ,       ,        ,
		,	3426,	22648,		,		,		,		,		,		 ,        ,       ,       ,      ,       ,        ,
		,	3427,	04994,		,		,		,		,		,		 ,        ,       ,       ,      ,       ,        ,
		,	3428,	51606,		,		,		,		,		,		 ,        ,       ,       ,      ,       ,        ,
		,	3429,	36780,		,		,		,		,		,		 ,        ,       ,       ,      ,       ,        ,
		,	3430,	07953,		,		,		,		,		,		 ,        ,       ,       ,      ,       ,        ,
		,	3431,	37568,		,		,		,		,		,		 ,        ,       ,       ,      ,       ,        ,
		,	3432,	12945,		,		,		,		,		,		 ,        ,       ,       ,      ,       ,        ,
		,	3433,	39356,		,		,		,		,		,		 ,        ,       ,       ,      ,       ,        ,
		,	3434,	53757,		,		,		,		,		,		 ,        ,       ,       ,      ,       ,        ,
		,	3435,	53107,		,		,		,		,		,		 ,        ,       ,       ,      ,       ,        ,
		,	3436,	59279,		,		,		,		,		,		 ,        ,       ,       ,      ,       ,        ,
		,	3437,	03395,		,		,		,		,		,		 ,        ,       ,       ,      ,       ,        ,
		,	3438,	15550,		,		,		,		,		,		 ,        ,       ,       ,      ,       ,        ,
		,	3439,	41458,		,		,		,		,		,		 ,        ,       ,       ,      ,       ,        ,
		,	3440,	30188,		,		,		,		,		,		 ,        ,       ,       ,      ,       ,        ,
		,	3441,	12920,		,		,		,		,		,		 ,        ,       ,       ,      ,       ,        ,
		,	3442,	03553,		,		,		,		,		,		 ,        ,       ,       ,      ,       ,        ,
		,	3443,	28637,		,		,		,		,		,		 ,        ,       ,       ,      ,       ,        ,
		,	3444,	19268,		,		,		,		,		,		 ,        ,       ,       ,      ,       ,        ,
		,	3445,	07028,		,		,		,		,		,		 ,        ,       ,       ,      ,       ,        ,
		,	3446,	02977,		,		,		,		,		,		 ,        ,       ,       ,      ,       ,        ,
		,	3447,	45515,		,		,		,		,		,		 ,        ,       ,       ,      ,       ,        ,
		,	3448,	34286,		,		,		,		,		,		 ,        ,       ,       ,      ,       ,        ,
		,	3449,	13465,		,		,		,		,		,		 ,        ,       ,       ,      ,       ,        ,
		,	3450,	19954,		,		,		,		,		,		 ,        ,       ,       ,      ,       ,        ,
		,	3451,	33389,		,		,		,		,		,		 ,        ,       ,       ,      ,       ,        ,
		,	3452,	46405,		,		,		,		,		,		 ,        ,       ,       ,      ,       ,        ,
		,	3453,	37059,		,		,		,		,		,		 ,        ,       ,       ,      ,       ,        ,
		,	3454,	35462,		,		,		,		,		,		 ,        ,       ,       ,      ,       ,        ,
		,	3455,	27906,		,		,		,		,		,		 ,        ,       ,       ,      ,       ,        ,
		,	3456,	44422,		,		,		,		,		,		 ,        ,       ,       ,      ,       ,        ,
		,	3457,	49530,		,		,		,		,		,		 ,        ,       ,       ,      ,       ,        ,
		,	3458,	00705,		,		,		,		,		,		 ,        ,       ,       ,      ,       ,        ,
		,	3459,	28088,		,		,		,		,		,		 ,        ,       ,       ,      ,       ,        ,
		,	3460,	26853,		,		,		,		,		,		 ,        ,       ,       ,      ,       ,        ,
		,	3461,	54193,		,		,		,		,		,		 ,        ,       ,       ,      ,       ,        ,
		,	3462,	32706,		,		,		,		,		,		 ,        ,       ,       ,      ,       ,        ,
		,	3463,	20600,		,		,		,		,		,		 ,        ,       ,       ,      ,       ,        ,
		,	3464,	18966,		,		,		,		,		,		 ,        ,       ,       ,      ,       ,        ,
		,	3465,	11203,		,		,		,		,		,		 ,        ,       ,       ,      ,       ,        ,
		,	3466,	42520,		,		,		,		,		,		 ,        ,       ,       ,      ,       ,        ,
		,	3467,	52297,		,		,		,		,		,		 ,        ,       ,       ,      ,       ,        ,
		,	3468,	49201,		,		,		,		,		,		 ,        ,       ,       ,      ,       ,        ,
		,	3469,	04768,		,		,		,		,		,		 ,        ,       ,       ,      ,       ,        ,
		,	3470,	27957,		,		,		,		,		,		 ,        ,       ,       ,      ,       ,        ,
		,	3471,	08620,		,		,		,		,		,		 ,        ,       ,       ,      ,       ,        ,
		,	3472,	27835,		,		,		,		,		,		 ,        ,       ,       ,      ,       ,        ,
		,	3473,	18328,		,		,		,		,		,		 ,        ,       ,       ,      ,       ,        ,
		,	3474,	04611,		,		,		,		,		,		 ,        ,       ,       ,      ,       ,        ,
		,	3475,	52074,		,		,		,		,		,		 ,        ,       ,       ,      ,       ,        ,
		,	3476,	10264,		,		,		,		,		,		 ,        ,       ,       ,      ,       ,        ,
		,	3477,	39823,		,		,		,		,		,		 ,        ,       ,       ,      ,       ,        ,
		,	3478,	57687,		,		,		,		,		,		 ,        ,       ,       ,      ,       ,        ,
		,	3479,	48765,		,		,		,		,		,		 ,        ,       ,       ,      ,       ,        ,
		,	3480,	05354,		,		,		,		,		,		 ,        ,       ,       ,      ,       ,        ,
		,	3481,	18088,		,		,		,		,		,		 ,        ,       ,       ,      ,       ,        ,
		,	3482,	13466,		,		,		,		,		,		 ,        ,       ,       ,      ,       ,        ,
		,	3483,	25012,		,		,		,		,		,		 ,        ,       ,       ,      ,       ,        ,
		,	3484,	42592,		,		,		,		,		,		 ,        ,       ,       ,      ,       ,        ,
		,	3485,	36739,		,		,		,		,		,		 ,        ,       ,       ,      ,       ,        ,
		,	3486,	32249,		,		,		,		,		,		 ,        ,       ,       ,      ,       ,        ,
		,	3487,	36901,		,		,		,		,		,		 ,        ,       ,       ,      ,       ,        ,
		,	3488,	42401,		,		,		,		,		,		 ,        ,       ,       ,      ,       ,        ,
		,	3489,	53927,		,		,		,		,		,		 ,        ,       ,       ,      ,       ,        ,
		,	3490,	45234,		,		,		,		,		,		 ,        ,       ,       ,      ,       ,        ,
		,	3491,	10791,		,		,		,		,		,		 ,        ,       ,       ,      ,       ,        ,
		,	3492,	46649,		,		,		,		,		,		 ,        ,       ,       ,      ,       ,        ,
		,	3493,	26172,		,		,		,		,		,		 ,        ,       ,       ,      ,       ,        ,
		,	3494,	14628,		,		,		,		,		,		 ,        ,       ,       ,      ,       ,        ,
		,	3495,	59172,		,		,		,		,		,		 ,        ,       ,       ,      ,       ,        ,
		,	3496,	10221,		,		,		,		,		,		 ,        ,       ,       ,      ,       ,        ,
		,	3497,	09084,		,		,		,		,		,		 ,        ,       ,       ,      ,       ,        ,
		,	3498,	15066,		,		,		,		,		,		 ,        ,       ,       ,      ,       ,        ,
		,	3499,	52113,		,		,		,		,		,		 ,        ,       ,       ,      ,       ,        ,
		,	3500,	08921,		,		,		,		,		,		 ,        ,       ,       ,      ,       ,        ,
		,	3501,	41948,		,		,		,		,		,		 ,        ,       ,       ,      ,       ,        ,
		,	3502,	56830,		,		,		,		,		,		 ,        ,       ,       ,      ,       ,        ,
		,	3503,	30478,		,		,		,		,		,		 ,        ,       ,       ,      ,       ,        ,
		,	3504,	50995,		,		,		,		,		,		 ,        ,       ,       ,      ,       ,        ,
		,	3505,	22180,		,		,		,		,		,		 ,        ,       ,       ,      ,       ,        ,
		,	3506,	25307,		,		,		,		,		,		 ,        ,       ,       ,      ,       ,        ,
		,	3507,	01688,		,		,		,		,		,		 ,        ,       ,       ,      ,       ,        ,
		,	3508,	13111,		,		,		,		,		,		 ,        ,       ,       ,      ,       ,        ,
		,	3509,	12217,		,		,		,		,		,		 ,        ,       ,       ,      ,       ,        ,
		,	3510,	04862,		,		,		,		,		,		 ,        ,       ,       ,      ,       ,        ,
		,	3511,	01075,		,		,		,		,		,		 ,        ,       ,       ,      ,       ,        ,
		,	3512,	02135,		,		,		,		,		,		 ,        ,       ,       ,      ,       ,        ,
		,	3513,	57929,		,		,		,		,		,		 ,        ,       ,       ,      ,       ,        ,
		,	3514,	16364,		,		,		,		,		,		 ,        ,       ,       ,      ,       ,        ,
		,	3515,	26107,		,		,		,		,		,		 ,        ,       ,       ,      ,       ,        ,
		,	3516,	09154,		,		,		,		,		,		 ,        ,       ,       ,      ,       ,        ,
		,	3517,	56976,		,		,		,		,		,		 ,        ,       ,       ,      ,       ,        ,
		,	3518,	08466,		,		,		,		,		,		 ,        ,       ,       ,      ,       ,        ,
		,	3519,	11907,		,		,		,		,		,		 ,        ,       ,       ,      ,       ,        ,
		,	3520,	18054,		,		,		,		,		,		 ,        ,       ,       ,      ,       ,        ,
		,	3521,	21991,		,		,		,		,		,		 ,        ,       ,       ,      ,       ,        ,
		,	3522,	13224,		,		,		,		,		,		 ,        ,       ,       ,      ,       ,        ,
		,	3523,	13667,		,		,		,		,		,		 ,        ,       ,       ,      ,       ,        ,
		,	3524,	30472,		,		,		,		,		,		 ,        ,       ,       ,      ,       ,        ,
		,	3525,	56004,		,		,		,		,		,		 ,        ,       ,       ,      ,       ,        ,
		,	3526,	26725,		,		,		,		,		,		 ,        ,       ,       ,      ,       ,        ,
		,	3527,	56429,		,		,		,		,		,		 ,        ,       ,       ,      ,       ,        ,
		,	3528,	39932,		,		,		,		,		,		 ,        ,       ,       ,      ,       ,        ,
		,	3529,	45347,		,		,		,		,		,		 ,        ,       ,       ,      ,       ,        ,
		,	3530,	25297,		,		,		,		,		,		 ,        ,       ,       ,      ,       ,        ,
		,	3531,	10309,		,		,		,		,		,		 ,        ,       ,       ,      ,       ,        ,
		,	3532,	15026,		,		,		,		,		,		 ,        ,       ,       ,      ,       ,        ,
		,	3533,	35453,		,		,		,		,		,		 ,        ,       ,       ,      ,       ,        ,
		,	3534,	58760,		,		,		,		,		,		 ,        ,       ,       ,      ,       ,        ,
		,	3535,	19898,		,		,		,		,		,		 ,        ,       ,       ,      ,       ,        ,
		,	3536,	46927,		,		,		,		,		,		 ,        ,       ,       ,      ,       ,        ,
		,	3537,	22249,		,		,		,		,		,		 ,        ,       ,       ,      ,       ,        ,
		,	3538,	24503,		,		,		,		,		,		 ,        ,       ,       ,      ,       ,        ,
		,	3539,	45425,		,		,		,		,		,		 ,        ,       ,       ,      ,       ,        ,
		,	3540,	08393,		,		,		,		,		,		 ,        ,       ,       ,      ,       ,        ,
		,	3541,	06239,		,		,		,		,		,		 ,        ,       ,       ,      ,       ,        ,
		,	3542,	29304,		,		,		,		,		,		 ,        ,       ,       ,      ,       ,        ,
		,	3543,	48357,		,		,		,		,		,		 ,        ,       ,       ,      ,       ,        ,
		,	3544,	03758,		,		,		,		,		,		 ,        ,       ,       ,      ,       ,        ,
		,	3545,	34060,		,		,		,		,		,		 ,        ,       ,       ,      ,       ,        ,
		,	3546,	43790,		,		,		,		,		,		 ,        ,       ,       ,      ,       ,        ,
		,	3547,	03972,		,		,		,		,		,		 ,        ,       ,       ,      ,       ,        ,
		,	3548,	21459,		,		,		,		,		,		 ,        ,       ,       ,      ,       ,        ,
		,	3549,	28771,		,		,		,		,		,		 ,        ,       ,       ,      ,       ,        ,
		,	3550,	12261,		,		,		,		,		,		 ,        ,       ,       ,      ,       ,        ,
		,	3551,	41005,		,		,		,		,		,		 ,        ,       ,       ,      ,       ,        ,
		,	3552,	01346,		,		,		,		,		,		 ,        ,       ,       ,      ,       ,        ,
		,	3553,	41179,		,		,		,		,		,		 ,        ,       ,       ,      ,       ,        ,
		,	3554,	41348,		,		,		,		,		,		 ,        ,       ,       ,      ,       ,        ,
		,	3555,	18282,		,		,		,		,		,		 ,        ,       ,       ,      ,       ,        ,
		,	3556,	08358,		,		,		,		,		,		 ,        ,       ,       ,      ,       ,        ,
		,	3557,	26356,		,		,		,		,		,		 ,        ,       ,       ,      ,       ,        ,
		,	3558,	31752,		,		,		,		,		,		 ,        ,       ,       ,      ,       ,        ,
		,	3559,	27780,		,		,		,		,		,		 ,        ,       ,       ,      ,       ,        ,
		,	3560,	57948,		,		,		,		,		,		 ,        ,       ,       ,      ,       ,        ,
		,	3561,	13803,		,		,		,		,		,		 ,        ,       ,       ,      ,       ,        ,
		,	3562,	48658,		,		,		,		,		,		 ,        ,       ,       ,      ,       ,        ,
		,	3563,	25826,		,		,		,		,		,		 ,        ,       ,       ,      ,       ,        ,
		,	3564,	37270,		,		,		,		,		,		 ,        ,       ,       ,      ,       ,        ,
		,	3565,	16857,		,		,		,		,		,		 ,        ,       ,       ,      ,       ,        ,
		,	3566,	29745,		,		,		,		,		,		 ,        ,       ,       ,      ,       ,        ,
		,	3567,	51714,		,		,		,		,		,		 ,        ,       ,       ,      ,       ,        ,
		,	3568,	24890,		,		,		,		,		,		 ,        ,       ,       ,      ,       ,        ,
		,	3569,	39125,		,		,		,		,		,		 ,        ,       ,       ,      ,       ,        ,
		,	3570,	57685,		,		,		,		,		,		 ,        ,       ,       ,      ,       ,        ,
		,	3571,	49786,		,		,		,		,		,		 ,        ,       ,       ,      ,       ,        ,
		,	3572,	22003,		,		,		,		,		,		 ,        ,       ,       ,      ,       ,        ,
		,	3573,	59927,		,		,		,		,		,		 ,        ,       ,       ,      ,       ,        ,
		,	3574,	35415,		,		,		,		,		,		 ,        ,       ,       ,      ,       ,        ,
		,	3575,	13878,		,		,		,		,		,		 ,        ,       ,       ,      ,       ,        ,
		,	3576,	08373,		,		,		,		,		,		 ,        ,       ,       ,      ,       ,        ,
		,	3577,	43596,		,		,		,		,		,		 ,        ,       ,       ,      ,       ,        ,
		,	3578,	19554,		,		,		,		,		,		 ,        ,       ,       ,      ,       ,        ,
		,	3579,	04956,		,		,		,		,		,		 ,        ,       ,       ,      ,       ,        ,
		,	3580,	43952,		,		,		,		,		,		 ,        ,       ,       ,      ,       ,        ,
		,	3581,	41482,		,		,		,		,		,		 ,        ,       ,       ,      ,       ,        ,
		,	3582,	58699,		,		,		,		,		,		 ,        ,       ,       ,      ,       ,        ,
		,	3583,	57682,		,		,		,		,		,		 ,        ,       ,       ,      ,       ,        ,
		,	3584,	49690,		,		,		,		,		,		 ,        ,       ,       ,      ,       ,        ,
		,	3585,	53167,		,		,		,		,		,		 ,        ,       ,       ,      ,       ,        ,
		,	3586,	33567,		,		,		,		,		,		 ,        ,       ,       ,      ,       ,        ,
		,	3587,	55562,		,		,		,		,		,		 ,        ,       ,       ,      ,       ,        ,
		,	3588,	54576,		,		,		,		,		,		 ,        ,       ,       ,      ,       ,        ,
		,	3589,	41955,		,		,		,		,		,		 ,        ,       ,       ,      ,       ,        ,
		,	3590,	58219,		,		,		,		,		,		 ,        ,       ,       ,      ,       ,        ,
		,	3591,	27433,		,		,		,		,		,		 ,        ,       ,       ,      ,       ,        ,
		,	3592,	51245,		,		,		,		,		,		 ,        ,       ,       ,      ,       ,        ,
		,	3593,	02660,		,		,		,		,		,		 ,        ,       ,       ,      ,       ,        ,
		,	3594,	34598,		,		,		,		,		,		 ,        ,       ,       ,      ,       ,        ,
		,	3595,	33537,		,		,		,		,		,		 ,        ,       ,       ,      ,       ,        ,
		,	3596,	15637,		,		,		,		,		,		 ,        ,       ,       ,      ,       ,        ,
		,	3597,	51609,		,		,		,		,		,		 ,        ,       ,       ,      ,       ,        ,
		,	3598,	24231,		,		,		,		,		,		 ,        ,       ,       ,      ,       ,        ,
		,	3599,	46586,		,		,		,		,		,		 ,        ,       ,       ,      ,       ,        ,
		,	3600,	56596,		,		,		,		,		,		 ,        ,       ,       ,      ,       ,        ,
		,	3601,	02225,		,		,		,		,		,		 ,        ,       ,       ,      ,       ,        ,
		,	3602,	49847,		,		,		,		,		,		 ,        ,       ,       ,      ,       ,        ,
		,	3603,	47314,		,		,		,		,		,		 ,        ,       ,       ,      ,       ,        ,
		,	3604,	47360,		,		,		,		,		,		 ,        ,       ,       ,      ,       ,        ,
		,	3605,	32918,		,		,		,		,		,		 ,        ,       ,       ,      ,       ,        ,
		,	3606,	00055,		,		,		,		,		,		 ,        ,       ,       ,      ,       ,        ,
		,	3607,	31452,		,		,		,		,		,		 ,        ,       ,       ,      ,       ,        ,
		,	3608,	30588,		,		,		,		,		,		 ,        ,       ,       ,      ,       ,        ,
		,	3609,	52876,		,		,		,		,		,		 ,        ,       ,       ,      ,       ,        ,
		,	3610,	10934,		,		,		,		,		,		 ,        ,       ,       ,      ,       ,        ,
		,	3611,	05589,		,		,		,		,		,		 ,        ,       ,       ,      ,       ,        ,
		,	3612,	14215,		,		,		,		,		,		 ,        ,       ,       ,      ,       ,        ,
		,	3613,	31159,		,		,		,		,		,		 ,        ,       ,       ,      ,       ,        ,
		,	3614,	55099,		,		,		,		,		,		 ,        ,       ,       ,      ,       ,        ,
		,	3615,	14474,		,		,		,		,		,		 ,        ,       ,       ,      ,       ,        ,
		,	3616,	14026,		,		,		,		,		,		 ,        ,       ,       ,      ,       ,        ,
		,	3617,	56674,		,		,		,		,		,		 ,        ,       ,       ,      ,       ,        ,
		,	3618,	55167,		,		,		,		,		,		 ,        ,       ,       ,      ,       ,        ,
		,	3619,	27264,		,		,		,		,		,		 ,        ,       ,       ,      ,       ,        ,
		,	3620,	24649,		,		,		,		,		,		 ,        ,       ,       ,      ,       ,        ,
		,	3621,	16430,		,		,		,		,		,		 ,        ,       ,       ,      ,       ,        ,
		,	3622,	58448,		,		,		,		,		,		 ,        ,       ,       ,      ,       ,        ,
		,	3623,	29483,		,		,		,		,		,		 ,        ,       ,       ,      ,       ,        ,
		,	3624,	07823,		,		,		,		,		,		 ,        ,       ,       ,      ,       ,        ,
		,	3625,	54476,		,		,		,		,		,		 ,        ,       ,       ,      ,       ,        ,
		,	3626,	56797,		,		,		,		,		,		 ,        ,       ,       ,      ,       ,        ,
		,	3627,	20864,		,		,		,		,		,		 ,        ,       ,       ,      ,       ,        ,
		,	3628,	32149,		,		,		,		,		,		 ,        ,       ,       ,      ,       ,        ,
		,	3629,	28523,		,		,		,		,		,		 ,        ,       ,       ,      ,       ,        ,
		,	3630,	43683,		,		,		,		,		,		 ,        ,       ,       ,      ,       ,        ,
		,	3631,	09654,		,		,		,		,		,		 ,        ,       ,       ,      ,       ,        ,
		,	3632,	35873,		,		,		,		,		,		 ,        ,       ,       ,      ,       ,        ,
		,	3633,	30646,		,		,		,		,		,		 ,        ,       ,       ,      ,       ,        ,
		,	3634,	11849,		,		,		,		,		,		 ,        ,       ,       ,      ,       ,        ,
		,	3635,	15505,		,		,		,		,		,		 ,        ,       ,       ,      ,       ,        ,
		,	3636,	41963,		,		,		,		,		,		 ,        ,       ,       ,      ,       ,        ,
		,	3637,	41747,		,		,		,		,		,		 ,        ,       ,       ,      ,       ,        ,
		,	3638,	59308,		,		,		,		,		,		 ,        ,       ,       ,      ,       ,        ,
		,	3639,	12556,		,		,		,		,		,		 ,        ,       ,       ,      ,       ,        ,
		,	3640,	28488,		,		,		,		,		,		 ,        ,       ,       ,      ,       ,        ,
		,	3641,	10953,		,		,		,		,		,		 ,        ,       ,       ,      ,       ,        ,
		,	3642,	24438,		,		,		,		,		,		 ,        ,       ,       ,      ,       ,        ,
		,	3643,	31133,		,		,		,		,		,		 ,        ,       ,       ,      ,       ,        ,
		,	3644,	37153,		,		,		,		,		,		 ,        ,       ,       ,      ,       ,        ,
		,	3645,	54376,		,		,		,		,		,		 ,        ,       ,       ,      ,       ,        ,
		,	3646,	54892,		,		,		,		,		,		 ,        ,       ,       ,      ,       ,        ,
		,	3647,	07488,		,		,		,		,		,		 ,        ,       ,       ,      ,       ,        ,
		,	3648,	25123,		,		,		,		,		,		 ,        ,       ,       ,      ,       ,        ,
		,	3649,	03537,		,		,		,		,		,		 ,        ,       ,       ,      ,       ,        ,
		,	3650,	11619,		,		,		,		,		,		 ,        ,       ,       ,      ,       ,        ,
		,	3651,	07895,		,		,		,		,		,		 ,        ,       ,       ,      ,       ,        ,
		,	3652,	41148,		,		,		,		,		,		 ,        ,       ,       ,      ,       ,        ,
		,	3653,	09740,		,		,		,		,		,		 ,        ,       ,       ,      ,       ,        ,
		,	3654,	22730,		,		,		,		,		,		 ,        ,       ,       ,      ,       ,        ,
		,	3655,	54980,		,		,		,		,		,		 ,        ,       ,       ,      ,       ,        ,
		,	3656,	02617,		,		,		,		,		,		 ,        ,       ,       ,      ,       ,        ,
		,	3657,	55391,		,		,		,		,		,		 ,        ,       ,       ,      ,       ,        ,
		,	3658,	13718,		,		,		,		,		,		 ,        ,       ,       ,      ,       ,        ,
		,	3659,	19645,		,		,		,		,		,		 ,        ,       ,       ,      ,       ,        ,
		,	3660,	57824,		,		,		,		,		,		 ,        ,       ,       ,      ,       ,        ,
		,	3661,	48587,		,		,		,		,		,		 ,        ,       ,       ,      ,       ,        ,
		,	3662,	23632,		,		,		,		,		,		 ,        ,       ,       ,      ,       ,        ,
		,	3663,	04460,		,		,		,		,		,		 ,        ,       ,       ,      ,       ,        ,
		,	3664,	54217,		,		,		,		,		,		 ,        ,       ,       ,      ,       ,        ,
		,	3665,	18996,		,		,		,		,		,		 ,        ,       ,       ,      ,       ,        ,
		,	3666,	21508,		,		,		,		,		,		 ,        ,       ,       ,      ,       ,        ,
		,	3667,	25256,		,		,		,		,		,		 ,        ,       ,       ,      ,       ,        ,
		,	3668,	35777,		,		,		,		,		,		 ,        ,       ,       ,      ,       ,        ,
		,	3669,	13225,		,		,		,		,		,		 ,        ,       ,       ,      ,       ,        ,
		,	3670,	04102,		,		,		,		,		,		 ,        ,       ,       ,      ,       ,        ,
		,	3671,	48131,		,		,		,		,		,		 ,        ,       ,       ,      ,       ,        ,
		,	3672,	20794,		,		,		,		,		,		 ,        ,       ,       ,      ,       ,        ,
		,	3673,	22113,		,		,		,		,		,		 ,        ,       ,       ,      ,       ,        ,
		,	3674,	46231,		,		,		,		,		,		 ,        ,       ,       ,      ,       ,        ,
		,	3675,	16354,		,		,		,		,		,		 ,        ,       ,       ,      ,       ,        ,
		,	3676,	11511,		,		,		,		,		,		 ,        ,       ,       ,      ,       ,        ,
		,	3677,	58051,		,		,		,		,		,		 ,        ,       ,       ,      ,       ,        ,
		,	3678,	23277,		,		,		,		,		,		 ,        ,       ,       ,      ,       ,        ,
		,	3679,	30006,		,		,		,		,		,		 ,        ,       ,       ,      ,       ,        ,
		,	3680,	53796,		,		,		,		,		,		 ,        ,       ,       ,      ,       ,        ,
		,	3681,	38832,		,		,		,		,		,		 ,        ,       ,       ,      ,       ,        ,
		,	3682,	18678,		,		,		,		,		,		 ,        ,       ,       ,      ,       ,        ,
		,	3683,	29203,		,		,		,		,		,		 ,        ,       ,       ,      ,       ,        ,
		,	3684,	18424,		,		,		,		,		,		 ,        ,       ,       ,      ,       ,        ,
		,	3685,	58591,		,		,		,		,		,		 ,        ,       ,       ,      ,       ,        ,
		,	3686,	59411,		,		,		,		,		,		 ,        ,       ,       ,      ,       ,        ,
		,	3687,	31820,		,		,		,		,		,		 ,        ,       ,       ,      ,       ,        ,
		,	3688,	03716,		,		,		,		,		,		 ,        ,       ,       ,      ,       ,        ,
		,	3689,	08696,		,		,		,		,		,		 ,        ,       ,       ,      ,       ,        ,
		,	3690,	52664,		,		,		,		,		,		 ,        ,       ,       ,      ,       ,        ,
		,	3691,	39815,		,		,		,		,		,		 ,        ,       ,       ,      ,       ,        ,
		,	3692,	28390,		,		,		,		,		,		 ,        ,       ,       ,      ,       ,        ,
		,	3693,	26655,		,		,		,		,		,		 ,        ,       ,       ,      ,       ,        ,
		,	3694,	46389,		,		,		,		,		,		 ,        ,       ,       ,      ,       ,        ,
		,	3695,	11279,		,		,		,		,		,		 ,        ,       ,       ,      ,       ,        ,
		,	3696,	21154,		,		,		,		,		,		 ,        ,       ,       ,      ,       ,        ,
		,	3697,	48319,		,		,		,		,		,		 ,        ,       ,       ,      ,       ,        ,
		,	3698,	28842,		,		,		,		,		,		 ,        ,       ,       ,      ,       ,        ,
		,	3699,	59226,		,		,		,		,		,		 ,        ,       ,       ,      ,       ,        ,
		,	3700,	51352,		,		,		,		,		,		 ,        ,       ,       ,      ,       ,        ,
		,	3701,	13862,		,		,		,		,		,		 ,        ,       ,       ,      ,       ,        ,
		,	3702,	17327,		,		,		,		,		,		 ,        ,       ,       ,      ,       ,        ,
		,	3703,	01953,		,		,		,		,		,		 ,        ,       ,       ,      ,       ,        ,
		,	3704,	46773,		,		,		,		,		,		 ,        ,       ,       ,      ,       ,        ,
		,	3705,	36409,		,		,		,		,		,		 ,        ,       ,       ,      ,       ,        ,
		,	3706,	47531,		,		,		,		,		,		 ,        ,       ,       ,      ,       ,        ,
		,	3707,	24475,		,		,		,		,		,		 ,        ,       ,       ,      ,       ,        ,
		,	3708,	56023,		,		,		,		,		,		 ,        ,       ,       ,      ,       ,        ,
		,	3709,	34779,		,		,		,		,		,		 ,        ,       ,       ,      ,       ,        ,
		,	3710,	17710,		,		,		,		,		,		 ,        ,       ,       ,      ,       ,        ,
		,	3711,	52012,		,		,		,		,		,		 ,        ,       ,       ,      ,       ,        ,
		,	3712,	59288,		,		,		,		,		,		 ,        ,       ,       ,      ,       ,        ,
		,	3713,	54496,		,		,		,		,		,		 ,        ,       ,       ,      ,       ,        ,
		,	3714,	23256,		,		,		,		,		,		 ,        ,       ,       ,      ,       ,        ,
		,	3715,	02505,		,		,		,		,		,		 ,        ,       ,       ,      ,       ,        ,
		,	3716,	20632,		,		,		,		,		,		 ,        ,       ,       ,      ,       ,        ,
		,	3717,	37883,		,		,		,		,		,		 ,        ,       ,       ,      ,       ,        ,
		,	3718,	41604,		,		,		,		,		,		 ,        ,       ,       ,      ,       ,        ,
		,	3719,	26078,		,		,		,		,		,		 ,        ,       ,       ,      ,       ,        ,
		,	3720,	39194,		,		,		,		,		,		 ,        ,       ,       ,      ,       ,        ,
		,	3721,	51703,		,		,		,		,		,		 ,        ,       ,       ,      ,       ,        ,
		,	3722,	18426,		,		,		,		,		,		 ,        ,       ,       ,      ,       ,        ,
		,	3723,	34415,		,		,		,		,		,		 ,        ,       ,       ,      ,       ,        ,
		,	3724,	03886,		,		,		,		,		,		 ,        ,       ,       ,      ,       ,        ,
		,	3725,	43024,		,		,		,		,		,		 ,        ,       ,       ,      ,       ,        ,
		,	3726,	02694,		,		,		,		,		,		 ,        ,       ,       ,      ,       ,        ,
		,	3727,	56869,		,		,		,		,		,		 ,        ,       ,       ,      ,       ,        ,
		,	3728,	13242,		,		,		,		,		,		 ,        ,       ,       ,      ,       ,        ,
		,	3729,	51686,		,		,		,		,		,		 ,        ,       ,       ,      ,       ,        ,
		,	3730,	21737,		,		,		,		,		,		 ,        ,       ,       ,      ,       ,        ,
		,	3731,	04342,		,		,		,		,		,		 ,        ,       ,       ,      ,       ,        ,
		,	3732,	52840,		,		,		,		,		,		 ,        ,       ,       ,      ,       ,        ,
		,	3733,	09797,		,		,		,		,		,		 ,        ,       ,       ,      ,       ,        ,
		,	3734,	09928,		,		,		,		,		,		 ,        ,       ,       ,      ,       ,        ,
		,	3735,	53008,		,		,		,		,		,		 ,        ,       ,       ,      ,       ,        ,
		,	3736,	37489,		,		,		,		,		,		 ,        ,       ,       ,      ,       ,        ,
		,	3737,	45427,		,		,		,		,		,		 ,        ,       ,       ,      ,       ,        ,
		,	3738,	29782,		,		,		,		,		,		 ,        ,       ,       ,      ,       ,        ,
		,	3739,	33605,		,		,		,		,		,		 ,        ,       ,       ,      ,       ,        ,
		,	3740,	49394,		,		,		,		,		,		 ,        ,       ,       ,      ,       ,        ,
		,	3741,	35095,		,		,		,		,		,		 ,        ,       ,       ,      ,       ,        ,
		,	3742,	22937,		,		,		,		,		,		 ,        ,       ,       ,      ,       ,        ,
		,	3743,	31719,		,		,		,		,		,		 ,        ,       ,       ,      ,       ,        ,
		,	3744,	24128,		,		,		,		,		,		 ,        ,       ,       ,      ,       ,        ,
		,	3745,	11629,		,		,		,		,		,		 ,        ,       ,       ,      ,       ,        ,
		,	3746,	07871,		,		,		,		,		,		 ,        ,       ,       ,      ,       ,        ,
		,	3747,	01773,		,		,		,		,		,		 ,        ,       ,       ,      ,       ,        ,
		,	3748,	29666,		,		,		,		,		,		 ,        ,       ,       ,      ,       ,        ,
		,	3749,	03634,		,		,		,		,		,		 ,        ,       ,       ,      ,       ,        ,
		,	3750,	42884,		,		,		,		,		,		 ,        ,       ,       ,      ,       ,        ,
		,	3766,	41009,		,		,		,		,		,		 ,        ,       ,       ,      ,       ,        ,
		,	3767,	49168,		,		,		,		,		,		 ,        ,       ,       ,      ,       ,        ,
		,	3768,	37787,		,		,		,		,		,		 ,        ,       ,       ,      ,       ,        ,
		,	3769,	13665,		,		,		,		,		,		 ,        ,       ,       ,      ,       ,        ,
		,	3770,	07509,		,		,		,		,		,		 ,        ,       ,       ,      ,       ,        ,
		,	3771,	43967,		,		,		,		,		,		 ,        ,       ,       ,      ,       ,        ,
		,	3772,	49655,		,		,		,		,		,		 ,        ,       ,       ,      ,       ,        ,
		,	3773,	33487,		,		,		,		,		,		 ,        ,       ,       ,      ,       ,        ,
		,	3774,	43874,		,		,		,		,		,		 ,        ,       ,       ,      ,       ,        ,
		,	3775,	33932,		,		,		,		,		,		 ,        ,       ,       ,      ,       ,        ,
		,	3776,	57856,		,		,		,		,		,		 ,        ,       ,       ,      ,       ,        ,
		,	3777,	41874,		,		,		,		,		,		 ,        ,       ,       ,      ,       ,        ,
		,	3778,	10135,		,		,		,		,		,		 ,        ,       ,       ,      ,       ,        ,
		,	3779,	56558,		,		,		,		,		,		 ,        ,       ,       ,      ,       ,        ,
		,	3780,	33756,		,		,		,		,		,		 ,        ,       ,       ,      ,       ,        ,
		,	3781,	10387,		,		,		,		,		,		 ,        ,       ,       ,      ,       ,        ,
		,	3782,	08637,		,		,		,		,		,		 ,        ,       ,       ,      ,       ,        ,
		,	3783,	18704,		,		,		,		,		,		 ,        ,       ,       ,      ,       ,        ,
		,	3784,	27961,		,		,		,		,		,		 ,        ,       ,       ,      ,       ,        ,
		,	3785,	54367,		,		,		,		,		,		 ,        ,       ,       ,      ,       ,        ,
		,	3786,	05005,		,		,		,		,		,		 ,        ,       ,       ,      ,       ,        ,
		,	3787,	53738,		,		,		,		,		,		 ,        ,       ,       ,      ,       ,        ,
		,	3788,	33499,		,		,		,		,		,		 ,        ,       ,       ,      ,       ,        ,
		,	3789,	56179,		,		,		,		,		,		 ,        ,       ,       ,      ,       ,        ,
		,	3790,	55169,		,		,		,		,		,		 ,        ,       ,       ,      ,       ,        ,
		,	3791,	30838,		,		,		,		,		,		 ,        ,       ,       ,      ,       ,        ,
		,	3792,	21447,		,		,		,		,		,		 ,        ,       ,       ,      ,       ,        ,
		,	3793,	20584,		,		,		,		,		,		 ,        ,       ,       ,      ,       ,        ,
		,	3794,	43678,		,		,		,		,		,		 ,        ,       ,       ,      ,       ,        ,
		,	3795,	00742,		,		,		,		,		,		 ,        ,       ,       ,      ,       ,        ,
		,	3796,	53513,		,		,		,		,		,		 ,        ,       ,       ,      ,       ,        ,
		,	3797,	34182,		,		,		,		,		,		 ,        ,       ,       ,      ,       ,        ,
		,	3798,	50613,		,		,		,		,		,		 ,        ,       ,       ,      ,       ,        ,
		,	3799,	59059,		,		,		,		,		,		 ,        ,       ,       ,      ,       ,        ,
		,	3800,	28111,		,		,		,		,		,		 ,        ,       ,       ,      ,       ,        ,
		,	3801,	55671,		,		,		,		,		,		 ,        ,       ,       ,      ,       ,        ,
		,	3802,	22543,		,		,		,		,		,		 ,        ,       ,       ,      ,       ,        ,
		,	3803,	11560,		,		,		,		,		,		 ,        ,       ,       ,      ,       ,        ,
		,	3804,	49645,		,		,		,		,		,		 ,        ,       ,       ,      ,       ,        ,
2021-06-01,	3805,	04915,	04915,	30641,	54715,	41981,	56132,	28064,	33892,	45789,	11003,	05909,	46401,	02076,
2021-06-08,	3806,	55608,	55608,	51959,	39507,	07258,	57868,	10374,	28578,	38995,	09338,	10368,	12561,	20464,
2021-06-15,	3807,	46698,	46698,	22639,	45298,	19948,	07629,	36262,	57601,	30467,	00796,	23182,	58185,	45885,
2021-06-22,	3808,	47987,	47987,	52951,	41645,	15484,	06166,	16279,	25666,	34171,	05001,	40251,	39018,	49746,
2021-06-29,	3809,	52716,	52716,	17560,	18782,	13293,	15504,	42873,	48447,	53920,	39376,	04040,	08381,	47193,
2021-07-06,	3810,	18119,	18119,	31988,	47330,	41669,	11142,	05571,	42443,	02770,	45979,	46759,	16631,	12877,
2021-07-13,	3811,	50369,	50369,	11942,	05701,	23173,	34083,	45586,	57177,	50862,	11222,	17363,	22715,	03974,
2021-07-20,	3812,	07436,	07436,	52067,	35110,	30152,	21841,	49379,	15554,	20867,	29780,	12083,	16094,	12379,
2021-07-27,	3813,	08738,	08738,	06956,	25137,	51907,	46303,	16765,	51590,	55286,	12490,	50253,	56044,	51554,
2021-08-03,	3814,	02654,	02654,	33693,	47018,	22718,	32743,	06081,	26251,	42488,	29729,	49337,	11766,	06487,
2021-08-10,	3815,	07663,	07663,	11067,	36398,	58759,	52160,	00700,	04744,	59658,	10644,	53955,	28402,	48684,
2021-08-17,	3816,	37532,	37532,	04269,	40518,	44182,	42314,	52554,	43804,	28772,	02342,	34396,	50414,	53447,
2021-08-24,	3817,	15997,	15997,	51013,	05106,	36377,	58590,	28490,	00498,	43199,	06909,	46982,	42092,	44689,
2021-08-31,	3818,	50342,	50342,	21428,	25347,	05957,	52513,	41365,	56523,	40852,	17300,	44136,	43053,	59409,
2021-09-07,	3819,	24441,	24441,	56163,	45484,	07078,	36529,	33427,	22487,	43451,	58233,	44620,	41910,	53427,
2021-09-21,	3820,	50992,	50992,	20918,	59463,	20322,	30479,	26906,	30954,	08998,	31348,	37603,	24339,	01724,
2021-09-28,	3821,	20090,	20090,	06904,	00465,	57874,	37343,	52241,	08221,	03585,	50747,	31437,	43753,	59456,
2021-10-05,	3822,	25181,	25181,	18648,	31827,	33031,	12777,	23893,	15992,	36397,	59023,	24470,	46366,	04605,
2021-10-12,	3823,	22677,	22677,	00801,	38213,	32793,	59402,	40462,	50154,	09012,	23916,	05234,	26955,	36729,
2021-10-26,	3824,	48319,	48319,	58542,	33192,	28535,	16845,	05273,	29327,	27762,	55962,	35670,	20875,	46904,
2021-11-02,	3825,	21974,	21974,	21940,	53780,	50100,	15384,	28137,	14125,	22554,	23594,	41764,	14805,	41131,
2021-11-09,	3826,	57255,	57255,	27529,	06527,	59179,	49978,	50322,	49583,	36387,	59306,	52164,	24882,	50271,
2021-11-16,	3827,	59048,	59048,	46982,	10526,	43878,	13820,	21433,	17499,	13928,	54926,	04937,	28504,	02551,
2021-11-23,	3828,	54100,	54100,	18557,	18529,	26330,	48655,	54651,	47223,	56540,	49630,	38288,	21233,	43763,
2021-12-07,	3829,	53068,	53068,	17010,	31575,	02930,	27721,	53241,	25477,	36388,	57298,	17787,	36931,	08652,
2021-12-14,	3830,	08035,	08035,	16157,	52836,	35032,	58793,	48559,	58162,	39836,	16947,	07158,	57611,	03090,
2022-01-11,	3831,	26402,	26402,	28414,	27601,	08334,	17388,	14549,	51999,	54332,	48342,	58012,	47709,	42929,
2022-01-18,	3832,	03046,	03046,	44436,	47354,	09316,	41694,	03501,	59879,	43826,	32822,	25792,	40545,	06377,
2022-01-25,	3833,	37160,	37160,	35863,	55676,	37272,	11425,	36525,	45764,	48530,	56618,	43719,	09882,	17922,
2022-02-01,	3834,	03526,	03526,	09684,	48069,	47114,	13048,	59087,	21920,	55399,	02307,	38212,	35694,	38284,
2022-02-08,	3835,	46956,	46956,	32563,	16889,	10395,	17138,	24279,	45666,	02789,	37860,	43969,	47860,	01520,
2022-02-22,	3836,	21319,	21319,	53316,	57322,	09851,	33402,	17746,	09606,	22143,	55799,	59819,	25502,	32441,
2022-03-01,	3837,	26039,	26039,	30951,	56313,	56407,	29096,	05707,	56883,	08608,	45281,	09441,	40559,	00365,
2022-03-08,	3838,	01571,	01571,	27311,	53962,	07461,	39523,	20149,	57141,	02467,	50342,	39036,	17883,	52948,
2022-03-15,	3839,	40221,	40221,	42032,	21246,	30365,	10818,	24257,	19494,	22278,	57779,	55262,	59516,	31775,
2022-03-22,	3840,	42909,	42909,	55274,	22611,	09609,	47847,	23269,	42130,	43492,	37633,	04145,	06012,	00136,
2022-04-05,	3841,	36920,	36920,	47945,	26952,	49190,	17865,	33483,	34463,	34371,	25378,	24509,	04729,	00119,
2022-04-12,	3842,	17068,	17068,	05486,	02197,	50011,	46265,	06395,	51346,	35865,	46226,	46184,	11515,	28505,
2022-04-19,	3843,	42015,	42015,	58231,	16454,	39312,	22233,	11958,	51028,	25084,	34364,	04007,	12743,	23921,
2022-04-26,	3844,	01971,	01971,	49381,	13201,	02204,	08956,	14685,	58810,	20699,	22062,	33935,	35268,	51074,
2022-05-03,	3845,	36805,	36805,	25315,	15861,	04126,	38017,	51231,	11282,	39719,	57077,	27894,	46321,	33632,
2022-05-17,	3846,	38897,	38897,	17437,	24472,	26935,	15343,	53307,	59236,	59294,	57820,	57337,	07696,	15987,
2022-05-24,	3847,	49838,	49838,	48188,	35973,	02027,	05599,	09310,	33951,	00151,	18558,	39859,	42929,	52854,
2022-05-31,	3848,	48195,	48195,	29635,	05391,	17571,	15953,	25107,	51441,	16962,	09280,	18611,	16922,	23523,
2022-06-07,	3849,	29970,	29970,	44231,	35365,	10757,	03161,	37545,	14090,	08712,	13851,	24456,	52322,	49735,
2022-06-14,	3850,	44630,	44630,	32371,	22177,	41756,	56249,	52295,	40550,	05709,	21738,	56046,	40679,	21855,
2022-06-21,	3851,	30855,	30855,	18597,	17320,	58519,	09992,	12767,	51947,	34228,	21823,	07773,	54374,	11808,
2022-07-05,	3852,	35876,	35876,	03610,	49701,	15300,	30392,	20906,	56740,	41980,	24271,	20159,	09371,	25939,
2022-07-12,	3853,	01123,	01123,	40651,	35120,	25260,	27733,	35770,	37766,	00600,	05229,	30981,	37149,	52381,
2022-07-19,	3854,	02059,	02059,	03984,	20998,	19250,	55641,	46508,	11536,	23179,	45370,	15926,	51007,	54935,
2022-07-26,	3855,	35454,	35454,	33658,	37209,	04438,	25001,	16840,	40783,	45627,	54558,	30175,	39350,	06908,
2022-08-02,	3856,	00652,	00652,	15489,	17082,	59930,	17697,	59198,	57592,	13092,	53062,	00536,	47695,	28797,
2022-08-09,	3857,	44043,	44043,	18005,	45701,	01578,	12127,	51588,	57706,	01334,	03134,	16676,	29107,	46156,
2022-08-23,	3858,	56605,	56605,	30009,	39694,	41759,	03776,	37543,	48656,	28249,	10159,	09750,	26850,	01416,
2022-08-30,	3859,	07435,	07435,	05063,	12699,	04394,	39974,	45891,	51178,	38533,	17693,	05702,	56893,	53266,
2022-09-06,	3860,	10747,	10747,	19463,	40153,	35873,	19913,	42512,	55237,	34210,	25004,	30302,	44821,	24908,
2022-09-20,	3861,   16070,	26793,	27363,	16954,	39289,	17317,	05536,	33316,	20934,	18008,	15812,	00555,
2022-10-04,	3862,   15488,01983,16217,01756,25720,34742,41633,00035,36213,39389,40176,55163,02535,04866,09839,16167,24119,25871,39597,40018,52983,54075,15489,15487,
2022-10-11,	3863,	55032,24130,40556,30832,41985,52458,03687,02901,46742,35580,32237,13742,
2022-10-18,	3864,	34387,20015,56587,37862,13651,54441,43913,29742,57379,19498,18950,04319,	
2022-10-25,	3865,	34729,30448,09989,06333,17110,33013,50315,02033,05140,41021,46194,46805,01129,02208,09106,25703,31876,32121,34105,41041,49050,49722,34728,34730,
2022-11-01,	3866,   34943,12578,15808,16559,30276,47551,53525,03231,04983,22964,35379,42940,01314,02648,14459,20251,25436,39739,50867,54991,59206,59495,34942,34944,
2022-11-08,	3867,	37565,57056,12812,57058,13491,33474,33709,09853,11117,35648,44748,51166,00540,01106,01287,01344,09313,11659,38525,46640,58501,58897,37564,37566,
2022-11-15,	3868,	35444,10658,39733,30321,20987,24408,47943,59730,25661,42168,42702,02935
2022-11-22,	3869, 	08148,15257,01499,05211,21764,44919,29228,24844,27464,52635,02325,52171	
2022-12-06,	3870,	46233,14660,07619,06560,26025,39698,44395,03381,21428,37935,42469,55902,05246,08480,21999,22729,33212,33428,33947,37705,49728,50999,46232,46234,


