2021-06-04, 2685,  35930,	28121,	39952,	16715,	59349,	48321,	26292,	05859,	20625,	32788,		,		,						                 ,       ,       ,       ,
2021-06-11, 2686,  23233,	47003,	22791,	08414,	38294,	35664,	11987,	42448,	25636,	40166,		,		,						                 ,       ,       ,       ,
2021-06-18, 2687,  55094,	57811,	55384,	56403,	00605,	15316,	37379,	31606,	11385,	39302,	02289,	00802,	47038,	09749,	53610,	28190,	57505,	14923,	55293,	03538,
2021-06-25, 2688,  10925,	20889,	50199,	34718,	32280,	04336,	20705,	49024,	30478,	27220,	31825,	06269,	08179,	19239,	26342,	38453,	25074,	36457,	47073,	03866,
2021-07-02, 2689,  00035,	45933,	40395,	53657,	55012,	52754,	26723,	09175,	06786,	47660,	55055,	17995,	01205,	25285,	34664,	34884,	32732,	12697,	17002,	17829,
2021-07-09, 2690,  44431,	52704,	39571,	01670,	04626,	15983,	33661,	46533,	57037,	01640,	52821,	14564,	37346,	50107,	37198,	02270,	48897,	09446,	48760,	14340,
2021-07-23, 2691,  25659,	35661,	42179,	19874,	58575,	59538,	09990,	24774,	33832,	40978,	55071,	07599,	39139,	57415,	44140,	34333,	02575,	56426,	23604,	23967,
2021-07-30, 2692,  06759,	45638,	06519,	18650,	45426,	58263,	29713,	38770,	56303,	19565,	21959,	49418,	01316,	43167,	53125,	22347,	58801,	22272,	40255,	01935,
2021-08-06, 2693,  52765,	35209,	17659,	26999,	28893,	24373,	52005,	38679,	46566,	02191,	10709,	24937,	28497,	58542,	25918,	50050,	04167,	38266,	53881,	02853,
2021-08-13, 2694,  49081,	43450,	56590,	42901,	53186,	29369,	05381,	36570,	06380,	21737,	59759,	02262,	56738,	34192,	48975,	17849,	55283,	31196,	09548,	31034,
2021-08-27, 2695,  31753,	43381,	42031,	45830,	20668,	05064,	48023,	09825,	16182,	05618,	00553,	29277,	13546,	51007,	11327,	20126,	46588,	01546,	37059,	00490,
2021-09-03, 2696,  59419,	26708,	01032,	51145,	19120,	18251,	07340,	49705,	38121,	47357,	23519,	38735,	20825,	19541,	52505,	56325,	49267,	30074,	51197,	05375,
2021-09-10, 2697,  15750,	00886,	13787,	54432,	04903,	24138,	23446,	29126,	55915,	10582,	36236,	27716,	39583,	53029,	54989,	30699,	05832,	32899,	33267,	56397,
2021-09-24, 2698,  00787,	02024,	16323,	04025,	32625,	25462,	48886,	47042,	42052,	11961,	39487,	11357,	50625,	14761,	36621,	15138,	24085,	44386,	20931,	38053,
2021-10-01, 2699,  55981,	30236,	29811,	32796,	10587,	00335,	18446,	02433,	52668,	44789,	52700,	04488,	19867,	54600,	53942,	21009,	14149,	19722,	24794,	32840,
2021-10-08, 2700,  39224,	04388,	29053,	55266,	29575,	31142,	50719,	39627,	33797,	35715,	47148,	37604,	18390,	56446,	41381,	19317,	53599,	33267,	37517,	47270,
2021-10-15, 2701,  04520,	05725,	52981,	22408,	15869,	49771,	14253,	21957,	35751,	57557,	46390,	23445,	40427,	38032,	42878,	49037,	22274,	00282,	00119,	47743,
2021-10-22, 2702,  06828,	31416,	11598,	34099,	28921,	18263,	49475,	22390,	13129,	04895,	34028,	44886,	09558,	04057,	08432,	01150,	10795,	32315,	33151,	52254,
2021-10-29, 2703,  52796,	36217,	01437,	08189,	35652,	54942,	18137,	10706,	40838,	22115,	55367,	19350,	49408,	43089,	09520,	10794,	18755,	14941,	47713,	40164,
2021-11-05, 2704,  29277,	16492,	25992,	52316,	48673,	21194,	34382,	11428,	19731,	28330,	19527,	11791,	37145,	12420,	37835,	24484,	40013,	44749,	53419,	47438,
2021-11-12, 2705,  17960,	37583,	47263,	16852,	13442,	58416,	06050,	02823,	21683,	16796,	41960,	38030,	02813,	33163,	32145,	41231,	58479,	48326,	47617,	00899,
2021-11-26, 2706,  37259,	41343,	11179,	52507,	57741,	37184,	54923,	56472,	40440,	55490,	44037,	47397,	20855,	40080,	08391,	57832,	19914,	27887,	57351,	24244,
2021-12-10, 2707,  58878,	9007,	40898,	44823,	03443,	29383,	20179,	45732,	48176,	26624,	42418,	14531,	35030,	04232,	08236,	39873,	45581,	58526,	00111,	06143,
2021-12-17, 2708,  38421,	39319,	15971,	30877,	23076,	56148,	49071,	26352,	13053,	02992,	42029,	10634,	41526,	36470,	23122,	20074,	28322,	36043,	06644,	32346,
2022-01-14, 2709,  11955,	42006,	50009,	27141,	07270,	12332,	00951,	53643,	39008,	57433,	15166,	09485,	20222,	50023,	26414,	07703,	54197,	51582,	40360,	04807,
2022-01-21, 2710,  55131,	05049,	40699,	16800,	31114,	06685,	26381,	23649,	45541,	23102,	47351,	50301,	35395,	10288,	32855,	26210,	46982,	39138,	22536,	53886,
2022-01-28, 2711,  21094,	55321,	17944,	59807,	47932,	34738,	08390,	09309,	35258,	32235,	34364,	47141,	17451,	47057,	09810,	43075,	41280,	52546,	29426,	43268,
2022-02-04, 2712,  23300,	00072,	33950,	48233,	26817,	57291,	32897,	38759,	36909,	42071,	21986,	27147,	12509,	20928,	38997,	35358,	34385,	09571,		 ,       ,
2022-02-11, 2713,  12713,	53209,	29681,	59431,	23617,	51026,	38595,	42978,	43930,	13415,	19584,	21787,	07835,	19614,	32593,	45215,	37850,	24235,	12354,	30158,
2022-02-18, 2714,  49674,	35823,	30517,	26552,	10054,	38675,	24412,	35188,	02131,	03005,	41302,	23902,	41905,	06474,	50207,	49129,	27229,	28477,	16181,	45300,
2022-02-25, 2715,  45053,	59996,	41864,	23452,	13734,	41030,	17114,	34342,	22760,	50602,	09549,	50371,	09838,	24441,	12585,	43446,	11142,	43682,	06105,	11116,
2022-03-04, 2716,  57336,	22996,	52246,	16560,	47725,	43618,	30088,	19659,	49057,	21568,	52040,	39477,	46894,	15761,	36381,	17690,	04726,	20546,	04154,	48190,
2022-03-11, 2717,  12922,	30334,	35236,	19684,	56056,	59614,	33937,	39274,	17287,	54502,	44152,	24058,	00124,2	08039,	02656,	57155,	51669,	52732,	22217,	48190,
2022-03-18, 2718,  00825,	34866,	40480,	28042,	35962,	39207,	13289,	05484,	11681,	07459,	12771,	18441,	37501,	20847,	16731,	03943,	42388,	25977,	58633,	41070,
2022-03-25, 2719,  44111,	14039,	25575,	20290,	16998,	15602,	13200,	26324,	33584,	26088,	3773,	42514,	18417,	56146,	52241,	56865,	02560,	43276,	48671,	09800,
2022-04-01, 2720,  26936,	40422,	05346,	26808,	44965,	21938,	03496,	00052,	45533,	13803,	24772,	41568,	05830,	13279,	07291,	29044,	12955,	13810,	59603,	16535,
2022-04-08, 2721,  57700,	16864,	10660,	23930,	38008,	44398,	07435,	36030,	40946,	58280,	07700,	17700,	27700,	37700,	47700,	57699,	57701,	07093,	07553,	15537,
2022-04-29, 2722,  23824,	29103,	18964,	31978,	32207,	43622,	04612,	09771,	37420,	46522,	03824,	13824,	23823,	23825,	33824,	43824,	53824,	03898,	08366,	13750,
2022-05-20, 2723,  34308,	05362,	33728,	20936,	56114,	58153,	20975,	43710,	26285,	21682,	11404,	14745,	25692,	14126,	56968,	06546,	32463,	13856,	40173,	52356,
2022-05-27, 2724,  09668,	51667,	43116,	00163,	28333,	32576,	28117,	37877,	22386,	41920,	06647,	16158,	29521,	51820,	57791,	06036,	58440,	53183,	55509,	53532,
2022-06-03, 2725,  05125,	56511,	18276,	33874,	41312,	53333,	31764,	41142,	46957,	50195,	05124,	05126,	15125,	25125,	35125,	45125,	55125,	06674,	08024,	14585,
2022-06-10, 2726,  01229,	37220,	06852,	54948,	12906,	52704,	09580,	13986,	48761,	07462,	40739,	11604,	46553,	41323,	35084,	17286,	57806,	54516,	29131,	15357,
2022-06-24, 2727,  59489,	25573,	21486,	24317,	25729,	28756,	13193,	17035,	20153,	30568,	09489,	19489,	29489,	39489,	49489,	59488,	59490,	14451,	16958,	22526,
2022-07-01, 2728,  30834,	26479,	59133,	50854,	20744,	32943,	12007,	50191,	55430,	17062,	45377,	47203,	45149,	19657,	44363,	13295,	54892,	03374,	54242,	22015,
2022-07-08, 2729,  45957,	04913,	14005,	52774,	37118,	11707,	00378,	21253,	56681,	56408,	16864,	59359,	12960,	34085,	52202,	02118,	24398,	55521,	15248,	21949,
2022-07-22, 2730,  17868,	08600,	31940,	34052,	03504,	30562,	57409,	54044,	04173,	54458,	03446,	23027,	30563,	13312,	25683,	28388,	29226,	29640,	01492,	34164,
2022-07-29, 2731,  23173,	52487,	28853,	59903,	08797,	21812,	36993,	28079,	35609,	19018,	22513,	12643,	18663,	48877,	28330,	57446,	43854,	32595,	29710,	40471,
2022-08-05, 2732,  05985,	41052,	08035,	50720,	20150,	11544,	20245,	48323,	43974,	44180,	32975,	51592,	10625,	18010,	33848,	05008,	28511,	08999,	49540,	28879,
2022-08-12, 2733,  40510,	55667,	10612,	17707,	28789,	51333,	02512,	17405,	41549,	52670,	00510,	10510,	20510,	30510,	40509,	40511,	50510,	10902,	11529,	21656,
2022-08-19, 2734,  34153,	29582,	51509,	20915,	17645,	35404,	54173,	47079,	23079,	08627,	30153,	24436,	31314,	54348,	14220,	42688,	18895,	39560,	03229,	24354,
2022-08-26, 2735,  16003,	01212,	19421,	44645,	48969,	58589,	17735,	44766,	53439,	59145,	06003,	16002,	16004,	26003,	36003,	46003,	56003,	12189,	14376,	20049,
2022-09-02, 2736,  02961,	28291,	15824,	50849,	32531,	21649,	35207,	56852,	06443,	30558,	47240,	46668,	13672,	32844,	31225,	57997,	42702,	08776,	58408,	43732,
2022-09-09, 2737,  17642,	27185,	10183,	47735,	49943,	50823,	21999,	24228,	34798,	35179,	07642,	17641,	17643,	27642,	37642,	47642,	57642,	01365,	06222,	16928,
2022-09-23, 2738,  52438,	43720,	24573,	05737,	25883,	02564,	44556,	19846,	30315,	09348,	10035,	33327,	44946,	44149,	29779,	55994,	56945,	27097,	34750,	40103,
2022-10-07, 2739,  48097,03115,19489,27778,52489,56807,24821,27785,31668,51727,08097,18097,28097,38097,48096,48098,58097,01924,15323,18292,23095,27251,36376,38445,39087,43186,44101,
2022-10-21, 2740,
2022-10-28, 2741,
2022-11-04, 2742,
2022-11-11, 2743,
2022-11-18, 2744,
2022-11-25, 2745,